data/Petrone_etal_2016/Sediment_thickness/tbl_sed_thick_total_wgs84.asc
ncols         866
nrows         297
xllcorner     -50.201966770779
yllcorner     67.120582669113
cellsize      7.2870550417999e-005
NODATA_value  -9999
[rows 170 to 203 of 297, columns 304 to 379 of 866]
6.9219 6.8209 6.6728 6.6728 6.4598 6.1959 6.1959 5.9302 5.9302 5.6616 5.4606 5.4606 5.0413 5.0315 5.0315 5.0886 5.2125 5.2125 5.7446 5.7446 6.0426 6.3618 6.3618 6.6726 6.9617 6.9617 7.2412 7.2412 7.4906 7.7291 7.7291 7.9587 8.1832 8.1832 8.4032 8.6202 8.6202 8.8338 8.8338 9.0433 8.3979 8.3979 8.5706 8.7369 8.7369 8.8956 8.8956 9.0461 9.1878 9.1878 9.3211 9.4456 9.4456 9.5606 9.6638 9.6638 9.7524 9.7524 9.8232 9.9875 9.9875 10.079 10.138 10.138 10.161 10.161 10.162 10.149 10.153 10.14 10.148 10.148 10.177 10.222 10.222 10.271
6.5976 6.5287 6.4337 6.4337 6.3098 6.1563 6.1563 5.9784 5.9784 5.7568 5.5246 5.5246 5.2747 5.0147 5.0147 4.8062 4.5163 4.5163 4.5306 4.5306 4.6349 4.8255 4.8255 5.4071 6.4103 6.4103 6.7608 7.0872 7.0872 7.3841 7.3841 7.6657 7.9339 7.9339 8.1899 8.4357 8.4357 8.6729 8.6729 8.9029 9.1257 9.1257 8.4736 8.6556 8.6556 8.829 8.9927 8.9927 9.1459 9.1459 9.2885 9.4204 9.4204 9.541 9.6485 9.6485 9.7401 9.7401 9.903 10.029 10.029 10.114 10.16 10.16 10.181 10.182 10.182 10.168 10.168 10.142 10.129 10.129 10.136 10.167 10.167 10.203
6.3284 6.2514 6.1587 6.1587 6.048 5.9166 5.9166 5.7651 5.5903 5.5903 5.395 5.395 5.1646 4.9015 4.9015 4.6443 4.2519 4.2519 4.1907 4.1907 4.22 4.3499 4.3499 4.5762 5.1473 5.1473 5.5968 6.0638 6.0638 6.5227 6.5227 6.9698 7.3739 7.3739 7.727 8.0473 8.0473 8.3407 8.3407 8.6148 8.8754 8.8754 8.2709 8.4851 8.4851 8.6892 8.8808 8.8808 9.0581 9.0581 9.2203 9.3675 9.3675 9.4994 9.6151 9.6151 9.8102 9.8102 9.9732 10.1 10.1 10.188 10.244 10.244 10.272 10.279 10.279 10.267 10.267 10.237 10.211 10.211 10.199 10.208 10.208 10.225
5.612 5.4791 5.3461 5.3461 5.2116 5.0591 5.0591 4.9054 4.7633 4.7633 4.6149 4.6149 4.4562 4.2863 4.2863 4.1052 3.9131 3.9131 3.7526 3.7526 3.6081 3.6324 3.6324 3.7636 4.0111 4.0111 4.3639 4.7998 4.7998 5.6299 5.6299 6.2263 6.7825 6.7825 7.2759 7.6756 7.6756 8.0275 8.0275 8.3452 8.6417 8.6417 8.925 9.198 9.198 8.5604 8.779 8.779 8.9792 8.9792 9.1595 9.3198 9.3198 9.479 9.5983 9.5983 9.8283 10.008 10.008 10.133 10.133 10.229 10.29 10.29 10.324 10.335 10.335 10.325 10.325 10.294 10.263 10.263 10.244 10.243 10.243 10.252
4.6098 4.4439 4.3064 4.3064 3.9478 3.8508 3.8508 3.7612 4.0527 4.0527 3.9656 3.9656 3.8777 3.7819 3.7819 3.6765 3.5663 3.5663 3.5351 3.4034 3.4034 3.4077 3.4077 3.5093 3.7291 3.7291 4.0666 4.5049 4.5049 5.0045 5.0045 5.952 6.5616 6.5616 7.0898 7.5184 7.5184 7.893 8.2293 8.2293 8.5421 8.5421 8.841 9.1292 9.1292 8.5099 8.7405 8.7405 8.9503 8.9503 9.1376 9.3026 9.3026 9.4464 9.673 9.673 9.8757 10.056 10.056 10.201 10.201 10.316 10.397 10.397 10.45 10.475 10.475 10.471 10.471 10.444 10.408 10.408 10.376 10.355 10.355 10.35
3.7788 3.7788 3.677 3.677 3.5834 3.4969 3.4969 3.4178 3.3497 3.3497 3.2947 3.2947 3.2525 3.2179 3.2179 3.1863 3.1543 3.1543 3.1271 3.1184 3.1184 3.1567 3.1567 3.2717 3.4905 3.4905 3.8209 4.2522 4.2522 5.059 5.059 5.7047 6.3081 6.3081 6.8521 7.3001 7.3001 7.6978 8.0605 8.0605 8.4014 8.4014 8.7278 9.0412 9.0412 9.3381 8.7002 8.7002 8.923 8.923 9.1183 9.2868 9.2868 9.4307 9.6993 9.6993 9.9242 10.107 10.107 10.266 10.266 10.394 10.49 10.49 10.555 10.587 10.587 10.588 10.588 10.569 10.539 10.539 10.507 10.483 10.483 10.481
2.996 2.996 2.9257 2.9257 2.8529 2.7752 2.7752 2.6941 2.6231 2.6231 2.5689 2.5689 2.5368 2.5229 2.5229 2.5274 2.5514 2.5514 2.6077 2.7095 2.7095 2.8776 2.8776 3.1224 3.4515 3.4515 3.8532 4.6054 4.6054 5.2087 5.8017 5.8017 6.3263 6.3263 6.7962 7.2246 7.2246 7.6202 8.0136 8.0136 8.3648 8.3648 8.702 9.0245 9.0245 9.3283 8.6987 8.6987 8.9245 9.1203 9.1203 9.2874 9.2874 9.4287 9.7135 9.7135 9.9477 10.134 10.134 10.293 10.293 10.423 10.518 10.518 10.582 10.614 10.614 10.619 10.607 10.607 10.583 10.583 10.558 10.542 10.542 10.549
2.5013 2.5013 2.4633 2.4633 2.3821 2.274 2.274 2.144 2.0401 2.0401 1.9697 1.9384 1.9384 1.9271 1.9271 1.9377 1.9738 1.9738 2.0766 2.2676 2.2676 2.5737 2.5737 2.9571 3.4052 3.4052 3.8822 4.7409 4.7409 5.3353 5.895 5.895 6.3768 6.3768 6.8238 7.238 7.238 7.6283 8.0035 8.0035 8.3652 8.3652 8.7135 9.0443 9.0443 9.3524 8.7254 8.7254 8.9494 9.1399 9.1399 9.2989 9.2989 9.4304 9.753 9.753 10.005 10.187 10.187 10.346 10.346 10.472 10.565 10.565 10.627 10.67 10.67 10.692 10.701 10.701 10.697 10.697 10.692 10.695 10.695 10.714
0.99197 0.99197 1.0048 1.0048 0.944 0.76889 0.76889 0 0 0 0 0 0 0 0 0 0 0 0 0 0 1.0913 1.0913 1.9575 3.1763 3.1763 4.2759 5.0305 5.0305 5.612 6.1109 6.1109 6.5466 6.5466 6.9554 7.3444 7.3444 7.7216 8.0906 8.0906 8.4486 8.4486 8.7932 9.1188 9.1188 9.419 8.7758 8.7758 8.9903 9.169 9.169 9.3145 9.3145 9.6114 9.8619 9.8619 10.071 10.243 10.243 10.392 10.508 10.508 10.597 10.597 10.661 10.715 10.715 10.754 10.745 10.745 10.753 10.753 10.76 10.772 10.772 10.793
0 0 0 0 0 0 0 0 0 0 0 0 0 0 0 0 0 0 0 0 0 0 2.2926 0 3.2305 3.2305 4.43 5.2118 5.2118 5.7698 6.2344 6.2344 6.6513 6.6513 7.0454 7.4243 7.4243 7.7942 8.157 8.157 8.509 8.8477 8.8477 9.167 9.167 8.5611 8.8043 8.8043 9.0123 9.1839 9.1839 9.3216 9.3216 9.6998 9.9331 9.9331 10.113 10.274 10.274 10.413 10.521 10.521 10.607 10.607 10.673 10.731 10.731 10.776 10.812 10.812 10.838 10.838 10.862 10.884 10.884 10.906
0 0 0 0 0 0 0 0 0 0 0 0 0 0 0 0 0 0 0 1.472 1.472 2.3201 3.2504 3.2504 4.2275 4.2275 4.9904 5.5908 5.5908 6.0634 6.4767 6.4767 6.8594 6.8594 7.2292 7.5904 7.5904 7.9453 8.294 8.294 8.6323 8.9572 8.9572 8.3608 8.3608 8.6235 8.8553 8.8553 9.0512 9.3765 9.3765 9.6458 9.6458 9.8671 10.047 10.047 10.203 10.336 10.336 10.453 10.549 10.549 10.633 10.633 10.703 10.766 10.766 10.819 10.863 10.863 10.897 10.925 10.925 10.943 10.943 10.956
0 0 0 0 0 0 0 1.0211 1.241 1.241 1.3617 1.4484 1.4484 1.5929 1.5929 1.925 2.415 2.415 3.0021 3.5552 3.5552 4.079 4.5952 4.5952 5.0582 5.0582 5.4944 5.8993 5.8993 6.2795 6.6422 6.6422 6.9986 7.3518 7.3518 7.7011 7.7011 8.0463 8.3857 8.3857 8.7147 8.1185 8.1185 8.399 8.399 8.6559 8.8819 8.8819 9.0713 9.5314 9.5314 9.8036 9.9981 9.9334 10.103 10.103 10.245 10.363 10.363 10.47 10.564 10.564 10.649 10.649 10.72 10.782 10.782 10.835 10.879 10.879 10.912 10.934 10.934 10.948 10.948 10.958
2.0906 2.0906 2.2951 2.4538 2.4538 2.5963 2.5963 2.7662 2.1882 2.1882 2.3498 2.4801 2.4801 2.6763 2.9416 2.9416 3.2929 3.2929 3.6849 4.1004 4.1004 4.4956 4.8874 4.8874 5.2644 5.2644 5.6294 5.9841 5.9841 6.3331 6.6794 6.6794 7.0273 7.3757 7.3757 7.7226 7.7226 8.0661 8.404 8.404 7.8214 8.1186 8.1186 8.3987 8.3987 8.6555 8.8816 8.8816 9.3163 9.6166 9.6166 9.8692 10.059 10.059 10.209 10.209 10.324 10.42 10.42 10.513 10.606 10.606 10.689 10.689 10.761 10.82 10.82 10.872 10.911 10.911 10.936 10.945 10.945 10.951 10.951 10.959
2.9822 2.9822 3.0409 3.1318 3.1318 3.209 3.209 3.2988 3.3936 3.3936 3.4943 3.6048 3.6048 3.7341 3.8913 3.8913 4.0829 4.0829 4.306 4.5551 4.5551 4.8237 5.1061 5.1061 5.3986 5.3986 5.7014 6.0151 6.0151 6.3384 6.6713 6.6713 7.0128 7.3593 7.3593 7.7069 7.7069 8.0522 7.4675 7.4675 7.7796 8.0797 8.0797 8.3632 8.6237 8.6237 9.1363 9.1363 9.4844 9.7532 9.7532 9.9786 10.159 10.159 10.297 10.297 10.403 10.497 10.497 10.59 10.683 10.683 10.765 10.832 10.832 10.886 10.886 10.93 10.959 10.959 10.975 10.979 10.979 10.985 10.985 10.996
3.7931 3.7931 3.741 3.7255 3.7255 3.7374 3.7698 3.7698 3.8165 3.8165 3.8742 3.9448 3.9448 4.0304 4.137 4.137 4.2702 4.2702 4.4325 4.6249 4.6249 4.8468 5.0941 5.0941 5.3629 5.6507 5.6507 5.9548 5.9548 6.2728 6.603 6.603 6.9436 7.2907 7.2907 6.7334 6.7334 7.0628 7.43 7.43 7.7443 8.0467 8.0467 8.3325 8.7907 8.7907 9.1901 9.1901 9.5263 9.7976 9.7976 10.021 10.198 10.198 10.335 10.335 10.443 10.541 10.541 10.635 10.727 10.727 10.805 10.869 10.869 10.919 10.919 10.958 10.982 10.982 10.996 11 11 11.008 11.008 11.02
3.9268 3.9268 3.8635 3.8333 3.8333 3.832 3.8532 3.8532 3.8905 3.8905 3.9394 4.0007 4.0007 4.0757 4.1699 4.1699 4.2893 4.2893 4.4374 4.6165 4.6165 4.8269 5.0657 5.0657 5.3285 5.6128 5.6128 5.9143 5.9143 6.2309 6.5601 6.5601 6.8999 7.2465 7.2465 6.685 6.685 7.0152 7.3409 7.3409 7.6586 7.9649 7.9649 8.4674 8.9117 8.9117 9.2914 9.2914 9.6135 9.888 9.888 10.111 10.285 10.285 10.425 10.425 10.542 10.645 10.645 10.735 10.816 10.816 10.883 10.936 10.936 10.974 10.974 11 11.018 11.018 11.03 11.037 11.037 11.046 11.059 11.059
4 4 3.9436 3.9141 3.9141 3.9093 3.9251 3.9251 3.9556 3.9556 3.9966 4.0479 4.0479 4.1102 4.1884 4.1884 4.2891 4.4175 4.4175 4.5781 4.5781 4.7724 4.9986 4.9986 5.2528 5.5308 5.5308 5.8272 5.8272 6.139 6.4633 6.4633 5.9235 6.2502 6.2502 6.5803 6.9104 6.9104 7.237 7.237 7.5565 8.1531 8.1531 8.6088 9.0316 9.0316 9.398 9.398 9.7271 10.004 10.004 10.227 10.403 10.403 10.547 10.665 10.665 10.76 10.76 10.835 10.897 10.897 10.948 10.986 10.986 11.011 11.011 11.026 11.029 11.029 11.04 11.048 11.048 11.057 11.07 11.07
4.0095 4.0095 3.9667 3.9453 3.9453 3.9434 3.9579 3.9579 3.9841 3.9841 4.0178 4.0581 4.0581 4.1065 4.167 4.167 4.2481 4.3567 4.3567 4.4992 4.4992 4.6779 4.8927 4.9561 5.2062 5.4808 5.4808 5.7741 5.7741 6.083 6.4048 6.4048 5.8684 6.1935 6.1935 6.5225 6.8521 6.8521 7.1788 7.1788 7.7829 8.2507 8.2507 8.6932 9.0895 9.0895 9.4587 9.4587 9.7883 10.064 10.064 10.287 10.462 10.462 10.605 10.717 10.717 10.803 10.803 10.869 10.922 10.922 10.966 10.999 10.999 11.02 11.02 11.032 11.042 11.042 11.05 11.058 11.058 11.066 11.076 11.076
4.0063 4.0063 3.9692 3.9507 3.9507 3.9487 3.9605 3.9605 3.9817 3.9817 4.0082 4.0394 4.0394 4.0763 4.1237 4.1237 4.1902 4.2839 4.2839 4.4124 4.4124 4.5801 4.7878 4.7878 5.0316 5.3064 5.3064 5.6051 5.6051 5.1057 5.4192 5.4192 5.7403 6.0666 6.0666 6.3956 7.0107 7.0107 7.5008 7.5008 7.9749 8.4135 8.4135 8.8324 9.2288 9.2288 9.5942 9.9168 9.9168 10.185 10.185 10.402 10.57 10.57 10.699 10.793 10.793 10.86 10.86 10.91 10.95 10.95 10.981 11.006 11.006 11.026 11.041 11.041 11.053 11.053 11.06 11.065 11.065 11.069 11.073 11.073
3.9846 3.9846 3.9517 3.9309 3.9309 3.9195 3.9147 3.9147 3.9115 3.9046 3.9046 3.8925 3.8925 3.8775 3.8666 3.8666 3.8682 3.8926 3.8926 3.9482 3.9482 4.0543 4.2262 4.2262 4.478 4.8024 4.8024 5.1856 4.8099 4.8099 5.1998 5.1998 5.7168 6.2191 6.2191 6.6917 7.1859 7.1859 7.6573 7.6573 8.1163 8.556 8.556 8.9704 9.3586 9.3586 9.7117 10.018 10.018 10.27 10.27 10.473 10.629 10.608 10.73 10.816 10.816 10.877 10.877 10.921 10.957 10.957 10.987 11.013 11.013 11.035 11.051 11.051 11.063 11.063 11.07 11.072 11.072 11.073 11.073 11.073
3.9315 3.9315 3.8848 3.8379 3.8379 3.7863 3.7226 3.7226 3.8138 3.7683 3.7683 3.7087 3.7087 3.6391 3.5715 3.5715 3.5151 3.4816 3.4816 3.4346 3.4346 3.4262 3.4781 3.4781 3.7195 4.1214 4.1214 4.0057 4.5459 4.5459 5.0488 5.0488 5.7151 6.2758 6.2758 6.7527 7.2368 7.2368 7.7187 7.7187 8.1811 8.6192 8.6192 9.0299 9.4119 9.4119 9.7559 10.051 10.051 10.293 10.293 10.487 10.637 10.637 10.748 10.826 10.826 10.884 10.931 10.931 10.971 10.971 11.008 11.04 11.04 11.067 11.087 11.087 11.099 11.099 11.102 11.099 11.099 11.092 11.083 11.083
3.8878 3.8878 3.8237 3.7473 3.7473 3.6514 3.5275 3.5275 3.3736 3.1546 3.1546 2.9056 2.9056 2.5927 2.2068 2.2068 1.8632 1.6306 1.6306 1.4887 1.281 1.281 0 0 0 0 0 2.6736 3.9876 3.9876 4.77 4.77 5.6775 6.31 6.31 6.83 7.3405 7.3405 7.8327 8.2996 8.2996 8.7339 8.7339 9.1358 9.5016 9.5016 9.8236 10.096 10.096 10.32 10.32 10.5 10.641 10.641 10.75 10.833 10.833 10.9 10.956 10.956 11.006 11.006 11.052 11.092 11.092 11.124 11.146 11.146 11.157 11.157 11.158 11.149 11.149 11.134 11.115 11.115
3.7736 3.6538 3.6538 3.4815 3.4815 3.2071 2.8134 2.8134 2.275 1.7288 1.7288 1.1868 1.1868 0 0 0 0 0 0 0 0 0 0 0 0 1.7023 1.7023 2.8929 4.2135 4.2135 5.1466 5.1466 5.8429 6.4292 6.4292 6.9644 7.4793 7.4793 7.8947 8.3585 8.3585 8.7862 8.7862 9.1802 9.536 9.536 9.8471 10.11 10.11 10.329 10.329 10.507 10.648 10.648 10.759 10.847 10.847 10.918 10.979 10.979 11.033 11.033 11.083 11.126 11.126 11.16 11.183 11.183 11.194 11.194 11.193 11.182 11.182 11.163 11.139 11.139
3.7286 3.5768 3.5768 3.3483 3.3483 2.9424 2.2908 2.2908 1.552 0 0 0 0 0 0 0 0 0 0 0 0 0 0 0 1.4725 2.463 2.463 3.4333 4.5389 4.5389 5.3418 5.977 5.977 6.5464 6.5464 7.0734 7.5803 7.5803 8.0581 8.5036 8.5036 8.9081 8.9081 9.2759 9.606 9.606 9.8961 10.146 10.146 10.359 10.537 10.537 10.683 10.683 10.8 10.894 10.894 10.972 11.039 11.039 11.1 11.1 11.155 11.202 11.202 11.239 11.263 11.263 11.274 11.27 11.27 11.254 11.254 11.228 11.196 11.196
3.7668 3.5679 3.5679 3.2522 3.2522 2.6084 1.5843 1.5843 0 0 0 0 0 0 0 0 0 0 0 0 1.3718 1.3718 2.2199 2.2199 3.0265 3.9044 3.9044 4.6559 5.2999 5.2999 5.8715 6.4092 6.4092 6.9204 6.9204 7.4095 7.8767 7.8767 8.3156 8.7238 8.7238 9.0932 9.0932 9.4248 9.7216 9.7216 9.9865 10.22 10.22 10.425 10.599 10.599 10.743 10.743 10.86 10.956 10.956 11.037 11.107 11.107 11.169 11.169 11.225 11.273 11.273 11.31 11.334 11.301 11.311 11.306 11.306 11.288 11.288 11.26 11.224 11.224
4.0864 3.8979 3.8979 3.5957 3.5957 2.9385 1.8316 1.8316 0 0 0 0 0 0 0 0 0 1.5249 1.5249 2.3241 3.0639 3.0639 3.0024 3.0024 3.6057 4.5038 4.5038 5.1426 5.6862 5.6862 6.1993 6.6948 6.6948 7.1748 7.1748 7.6372 8.0757 8.0757 8.4868 8.8678 8.8678 9.2136 9.2136 9.5237 9.8017 9.8017 10.052 10.276 10.276 10.472 10.639 10.639 10.779 10.779 10.894 10.989 10.989 11.068 11.137 11.137 11.199 11.254 11.254 11.301 11.301 11.337 11.361 11.361 11.369 11.362 11.362 11.341 11.341 11.308 11.267 11.267
4.3588 4.1981 4.1981 3.9436 3.9436 3.394 2.4726 2.4726 0 0 0 0 0 0 1.2991 1.2991 1.9287 2.5573 2.5573 3.2213 3.7384 3.7384 4.5219 5.084 5.084 5.5955 5.5955 6.0543 6.5003 6.5003 6.9314 7.3536 7.3536 7.7639 7.7639 8.1607 8.5341 8.5341 8.8842 9.2066 9.2066 9.5013 9.7668 9.7668 10.007 10.007 10.225 10.42 10.42 10.591 10.738 10.738 10.863 10.863 10.966 11.051 11.051 11.124 11.188 11.188 11.245 11.295 11.295 11.338 11.338 11.371 11.392 11.392 11.398 11.388 11.388 11.365 11.365 11.329 11.285 11.285
5.0761 4.9893 4.9893 4.8635 3.9348 3.9348 3.6988 3.6988 3.4581 3.3097 3.3097 3.2996 3.438 3.438 3.6873 3.6873 3.9787 4.5833 4.5833 5.0183 5.4372 5.4372 5.8254 6.2114 6.2114 6.5988 6.5988 6.9858 7.3608 7.3608 7.7183 8.0633 8.0633 8.4007 8.4007 8.7269 9.033 9.033 9.3194 9.5862 9.5862 9.8334 10.058 10.058 10.26 10.26 10.44 10.6 10.6 10.739 10.858 10.858 10.909 10.909 11.003 11.082 11.082 11.149 11.209 11.209 11.262 11.31 11.31 11.35 11.35 11.38 11.398 11.398 11.402 11.392 11.392 11.368 11.331 11.331 11.286 11.286
5.117 5.0761 5.0761 5.0361 4.9952 4.9952 5.1746 4.3963 4.3113 4.266 4.266 4.28 4.5892 4.5892 4.7914 4.7914 5.0534 5.364 5.364 5.7098 6.0419 6.0419 6.3831 6.7316 6.7316 7.0865 7.0865 7.4424 7.7837 7.7837 8.1074 8.4171 8.4171 8.7208 9.0145 9.0145 9.2902 9.2902 9.5482 9.7892 9.7892 10.013 10.216 10.216 10.398 10.398 10.558 10.699 10.699 10.82 10.924 10.924 11.01 11.083 11.083 11.145 11.145 11.199 11.249 11.249 11.293 11.333 11.333 11.365 11.365 11.389 11.402 11.402 11.402 11.389 11.389 11.363 11.326 11.326 11.28 11.28
5.528 5.4987 5.4987 5.6935 5.7805 5.7805 5.8459 5.8459 5.924 5.983 5.983 6.057 6.1533 6.1533 6.2809 6.4433 6.4433 6.6458 6.6458 6.8834 7.1504 7.1504 7.4343 7.7279 7.7279 8.0229 8.0229 8.3151 8.5901 8.5901 8.85 9.0962 9.0962 9.3368 9.5704 9.5704 9.7928 9.7928 10.003 10.199 10.199 10.378 10.539 10.539 10.68 10.68 10.801 10.903 10.903 10.989 11.06 11.06 11.119 11.169 11.169 11.213 11.213 11.253 11.29 11.29 11.324 11.354 11.354 11.378 11.378 11.394 11.401 11.401 11.396 11.379 11.379 11.351 11.313 11.313 11.267 11.267
6.7246 6.8076 6.8076 6.8677 6.9276 6.9276 6.9883 6.9883 7.055 7.1278 7.1278 7.2075 7.299 7.299 7.4135 7.5539 7.5539 7.7292 7.7292 7.9331 8.161 8.161 8.3996 8.641 8.641 8.8767 8.8767 9.1054 9.3172 9.3172 9.5179 9.7079 9.7079 9.8954 10.08 10.08 10.258 10.031 10.22 10.396 10.396 10.555 10.695 10.695 10.816 10.918 10.918 11.002 11.002 11.07 11.126 11.126 11.173 11.212 11.212 11.248 11.248 11.281 11.312 11.312 11.341 11.365 11.365 11.384 11.396 11.396 11.398 11.398 11.391 11.372 11.372 11.342 11.303 11.303 11.254 11.254
7.265 7.3343 7.3343 7.3998 7.4632 7.4632 7.5252 7.59 7.59 7.6588 7.6588 7.736 7.8265 7.8265 7.9382 8.071 8.071 8.2342 8.2342 8.4216 8.6287 8.6287 8.8414 9.0535 9.0535 9.2581 9.4564 9.4564 9.64 9.64 9.8153 9.9822 9.9822 10.148 10.312 10.312 10.471 10.471 10.62 10.756 10.756 10.875 10.976 10.976 11.059 11.125 11.125 11.176 11.176 11.215 11.246 11.246 11.271 11.293 11.293 11.314 11.314 11.335 11.354 11.354 11.371 11.384 11.384 11.392 11.394 11.394 11.387 11.387 11.372 11.347 11.347 11.31 11.264 11.264 11.208 11.208
8.2425 8.3158 8.3158 8.3811 8.4484 8.4484 8.5164 8.5847 8.5847 8.6564 8.6564 8.7396 8.8356 8.8356 8.9426 9.0567 9.0567 9.185 9.185 9.3268 9.4788 9.4788 9.6322 9.7842 9.7842 9.9301 10.072 10.072 10.205 10.205 10.336 10.464 10.464 10.592 10.717 10.717 10.836 10.836 10.946 11.043 11.043 11.124 11.19 11.19 11.241 11.278 11.278 11.304 11.304 11.323 11.337 11.337 11.349 11.36 11.36 11.371 11.371 11.381 11.39 11.39 11.396 11.398 11.398 11.394 11.384 11.384 11.367 11.378 11.358 11.328 11.328 11.286 11.232 11.232 11.169 11.098
9.0728 9.1495 9.1495 9.2256 9.3099 9.3099 9.3964 9.4808 9.4808 9.5665 9.5665 9.6592 9.7535 9.7535 9.8432 9.925 9.925 10.009 10.009 10.1 10.196 10.196 9.9794 10.103 10.103 10.223 10.339 10.339 10.45 10.45 10.561 10.671 10.671 10.779 10.884 10.884 10.984 11.074 11.074 11.153 11.153 11.218 11.268 11.268 11.305 11.332 11.332 11.35 11.35 11.362 11.371 11.371 11.379 11.387 11.387 11.394 11.4 11.4 11.404 11.404 11.405 11.401 11.401 11.392 11.376 11.376 11.352 11.352 11.319 11.274 11.274 11.215 11.143 11.143 11.059 10.965
