data/Petrone_etal_2016/Sediment_thickness/tbl_sed_thick_eo_lake_dep_wgs84.asc
ncols         866
nrows         297
xllcorner     -50.201966770779
yllcorner     67.120582669113
cellsize      7.2870550417999e-005
NODATA_value  -9999
[rows 136 to 169 of 297, columns 539 to 615 of 866]
0 0 0 0 0 0 0.79131 0.66694 0.66694 0 0 0 0 0 0.44995 0.51015 0.51015 0.60241 0.5921 0.5921 0.58621 0.58621 0.58354 0.58089 0.58089 0.57689 0.57045 0.57045 0.56357 0.55544 0.55544 0.54549 0.54549 0.53316 0.51914 0.51914 0.50453 0.49051 0.49051 0.47874 0.47874 0.46926 0.4795 0.4795 0.4756 0.47326 0.47326 0.47157 0.47421 0.47421 0.48053 0.48053 0.49094 0.50291 0.50291 0.51623 0.52727 0.52727 0.53626 0.53626 0.54271 0.54668 0.54668 0.54919 0.55088 0.55088 0.54998 0.54565 0.54565 0.53921 0.53921 0.5315 0.52251 0.52251 0.51382 0.49101 0.49101
0 0 0 0 0 0 0 0 0 0.54747 0 0 0 0 0.47683 0.53425 0.53425 0.62268 0.60807 0.60807 0.59769 0.59769 0.59091 0.58463 0.58463 0.57736 0.56787 0.56787 0.55858 0.54876 0.54876 0.53772 0.53772 0.5246 0.50995 0.50995 0.49441 0.47894 0.47894 0.46516 0.46516 0.45332 0.44413 0.44413 0.43702 0.43157 0.43157 0.42678 0.42628 0.42628 0.42949 0.42949 0.43709 0.44717 0.44717 0.46026 0.47286 0.47286 0.4846 0.49408 0.49408 0.4999 0.4999 0.50225 0.50172 0.50172 0.49686 0.48704 0.48704 0.47468 0.47468 0.4476 0.40463 0.40463 0.36261 0.30754 0.30754
0.095533 0.11028 0.095427 0.095427 0 0 0 0 0 0 0 0 0 0 0.64813 0.6474 0.6474 0.67752 0.65488 0.65488 0.63511 0.61911 0.61911 0.60453 0.60453 0.58982 0.57352 0.57352 0.55881 0.54542 0.54542 0.53157 0.53157 0.51623 0.49947 0.49947 0.48086 0.4606 0.4606 0.44116 0.42288 0.42288 0.40701 0.40701 0.39312 0.38007 0.38007 0.36688 0.35818 0.35818 0.35395 0.35395 0.35511 0.36102 0.36102 0.37273 0.38569 0.38569 0.39891 0.41035 0.41035 0.41759 0.41759 0.4201 0.41828 0.41828 0.41117 0.39835 0.39835 0.36218 0.36218 0.38073 0.32575 0.32575 0.2722 0 0
0.28741 0.29592 0.2975 0.2975 0.28916 0.28916 0.26762 0.2208 0.2208 0.17315 0.094917 0.094917 0 0 0 0 0 0.75818 0.72893 0.72893 0.69964 0.6726 0.6726 0.64747 0.64747 0.62317 0.59821 0.58264 0.56443 0.54833 0.54833 0.53223 0.53223 0.51527 0.49736 0.49736 0.47742 0.45527 0.45527 0.43365 0.41279 0.41279 0.38073 0.38073 0.35114 0.32298 0.32298 0.2954 0.27226 0.27226 0.26698 0.26698 0.26621 0.26982 0.26982 0.28955 0.31114 0.31114 0.33349 0.35451 0.35451 0.3715 0.3715 0.37296 0.36959 0.36959 0.36083 0.34645 0.34645 0.30195 0.24529 0.24529 0 0 0 0 0
0.37755 0.39002 0.39399 0.39399 0.38552 0.38552 0.35992 0.32091 0.32091 0.27636 0.1983 0.1983 0 0 0 0 0 0 0.77484 0.77484 0.74212 0.71021 0.71021 0.67987 0.67987 0.65041 0.62096 0.62096 0.59458 0.57134 0.57134 0.5485 0.52638 0.52638 0.50456 0.50456 0.48165 0.45643 0.45643 0.416 0.36221 0.36221 0.29838 0.29838 0.23792 0 0 0 0 0 0 0 0 0 0 0 0 0 0.17302 0.19954 0.19954 0.22301 0.22301 0.23193 0.23689 0.23689 0.22727 0.20731 0.20731 0.15911 0.11359 0.11359 0 0 0 0 0
0.54252 0.55612 0.56236 0.56236 0.55782 0.55782 0.53628 0.49603 0.49603 0.44174 0.38246 0.38246 0.32139 0.24639 0.24639 0.15944 0.15944 0 0 0 0.83147 0.79405 0.79405 0.75643 0.75643 0.71878 0.68155 0.68155 0.64721 0.61636 0.61636 0.58641 0.55838 0.55838 0.5316 0.5316 0.50545 0.47835 0.47835 0.40281 0.31603 0.31603 0 0 0 0 0 0 0 0 0 0 0 0 0 0 0 0 0 0 0 0.14975 0.14975 0.15831 0.16383 0.16383 0.15583 0.13861 0.13861 0.10519 0 0 0 0 0 0 0
0.68141 0.69274 0.69841 0.69841 0.69501 0.69501 0.678 0.64456 0.64456 0.59637 0.53571 0.53571 0.39098 0.32549 0.32549 0.24252 0.24252 0.13515 0 0 0 0.832 0.832 0.79322 0.79322 0.75345 0.71388 0.71388 0.67699 0.64354 0.64354 0.61104 0.5806 0.5806 0.55137 0.55137 0.52324 0.49504 0.49504 0.41874 0.33137 0.33137 0 0 0 0 0 0 0 0 0 0 0 0 0 0 0 0 0 0 0 0 0 0 0 0 0 0 0 0 0 0 0 0 0 0 0
0.74717 0.75283 0.75454 0.75454 0.75 0.73469 0.73469 0.70578 0.70578 0.66383 0.60884 0.60884 0.54195 0.46661 0.46661 0.38554 0.38554 0.2862 0.15746 0.15746 0 0 0 0 0.81316 0.81316 0.77207 0.77207 0.73299 0.69673 0.69673 0.66099 0.62711 0.62711 0.59445 0.59445 0.56334 0.53428 0.53428 0.47445 0.41795 0.41795 0.36456 0.31269 0.31269 0.26036 0.26036 0.24185 0.22271 0.22271 0.20327 0.1838 0.1838 0.16436 0.16436 0.14641 0.12175 0.12175 0.094017 0.06886 0.06886 0 0 0 0 0 0 0 0 0 0 0 0 0 0 0 0
0.84694 0.84354 0.83844 0.83844 0.82993 0.81519 0.81519 0.79195 0.79195 0.7602 0.71769 0.71769 0.66497 0.59864 0.59864 0.51953 0.51953 0.42977 0.31903 0.31903 0.20066 0 0 0 0 0 0.8198 0.8198 0.78225 0.74651 0.74651 0.71068 0.6764 0.6764 0.64357 0.64357 0.61273 0.58575 0.58575 0.56334 0.54331 0.47765 0.44083 0.40463 0.40463 0.36638 0.36638 0.34357 0.31974 0.31974 0.29514 0.26998 0.26998 0.24417 0.24417 0.2079 0.16585 0.16585 0.12198 0.082017 0.082017 0.043504 0.021488 0.021488 0 0 0 0 0 0 0 0 0 0 0 0 0
0.88265 0.87925 0.87415 0.87415 0.86451 0.84807 0.84807 0.82483 0.82483 0.79592 0.7585 0.7585 0.71202 0.65363 0.65363 0.58107 0.49282 0.49282 0.39988 0.39988 0.28926 0.15812 0.15812 0 0 0 0 0 0.80565 0.77058 0.77058 0.7354 0.70175 0.70175 0.66985 0.64036 0.64036 0.61564 0.61564 0.5961 0.57967 0.57967 0.56476 0.54998 0.54998 0.53217 0.53217 0.51088 0.48737 0.48737 0.46172 0.43369 0.43369 0.40235 0.35825 0.35825 0.29345 0.29345 0 0 0 0 0 0 0 0 0 0 0 0 0 0 0 0 0 0 0
0.95408 0.95068 0.94558 0.94558 0.93537 0.9161 0.9161 0.89002 0.89002 0.86111 0.82937 0.82937 0.79252 0.74773 0.74773 0.68594 0.60261 0.60261 0.50194 0.50194 0.39728 0.23061 0.23061 0 0 0 0 0 0.8475 0.81514 0.81514 0.78291 0.75177 0.75177 0.72218 0.69501 0.69501 0.67345 0.67345 0.65759 0.64605 0.64605 0.63693 0.62896 0.62896 0.61874 0.61874 0.60569 0.58992 0.58992 0.5715 0.54998 0.54998 0.52383 0.48274 0.48274 0.4274 0.4274 0.35815 0.29226 0.29226 0 0 0 0 0 0 0 0 0 0 0 0 0 0 0 0
0.9966 0.99546 0.99263 0.99263 0.98356 0.96429 0.96429 0.93537 0.93537 0.90193 0.86735 0.86735 0.8322 0.79195 0.79195 0.73413 0.65136 0.65136 0.54932 0.54932 0.44048 0.25794 0.25794 0 0 0 0 0.86364 0.86364 0.83286 0.83286 0.80245 0.77289 0.77289 0.74469 0.71864 0.71864 0.69838 0.69838 0.68374 0.67385 0.67385 0.66674 0.66129 0.66129 0.65388 0.64393 0.64393 0.63127 0.63127 0.6162 0.59821 0.59821 0.5757 0.54955 0.54955 0.5077 0.5077 0.44998 0.39395 0.39395 0.32569 0.26043 0.26043 0 0 0 0 0 0 0 0 0 0 0 0 0
0.99093 0.9915 0.9898 0.9898 0.98186 0.96429 0.96429 0.93651 0.90306 0.90306 0.86791 0.86791 0.8322 0.79082 0.79082 0.73186 0.64796 0.64796 0.54592 0.54592 0.43707 0.25567 0.25567 0 0 0 0 0 0 0.8599 0.8599 0.83279 0.80605 0.80605 0.7802 0.756 0.756 0.73729 0.73729 0.72413 0.7162 0.7162 0.71154 0.70912 0.70912 0.70529 0.69983 0.69983 0.69276 0.69276 0.6846 0.67481 0.67481 0.66195 0.64559 0.64559 0.62635 0.62635 0.60367 0.57914 0.57914 0.53759 0.49425 0.49425 0.4486 0.39064 0.39064 0.3326 0.3326 0.24836 0.17098 0.17098 0 0 0 0 0
0.93707 0.93878 0.93707 0.93707 0.93141 0.91893 0.91893 0.89796 0.86961 0.86961 0.83844 0.83844 0.80215 0.7568 0.7568 0.69104 0.60317 0.60317 0.5 0.5 0.39417 0.22807 0.22807 0 0 0 0 0.89636 0.89636 0.87147 0.87147 0.84661 0.82208 0.82208 0.79878 0.77772 0.77772 0.76162 0.76162 0.75107 0.74579 0.74579 0.74377 0.74403 0.74403 0.74403 0.7436 0.7436 0.74311 0.74311 0.74294 0.74245 0.74245 0.74026 0.73531 0.73531 0.67755 0.65993 0.65993 0.64007 0.64007 0.61676 0.58919 0.58919 0.55699 0.51002 0.51002 0.46053 0.46053 0.3682 0.26357 0.26357 0 0 0 0 0
0.84637 0.84637 0.85317 0.85317 0.85374 0.84637 0.84637 0.82937 0.80102 0.80102 0.76474 0.76474 0.76871 0.71939 0.71939 0.64966 0.56009 0.56009 0.45805 0.35778 0.35778 0.20585 0.20585 0 0 0 0 0.89524 0.89524 0.87114 0.87114 0.84691 0.82317 0.82317 0.80102 0.78172 0.78172 0.76717 0.75812 0.75812 0.75415 0.75415 0.75336 0.75468 0.75468 0.7565 0.75874 0.75874 0.76165 0.76165 0.76549 0.76959 0.76959 0.77253 0.77302 0.77302 0.77055 0.7644 0.7644 0.75544 0.75544 0.74208 0.72334 0.72334 0.69855 0.66856 0.66856 0.63302 0.63302 0.56251 0.47517 0.47517 0.39269 0 0 0 0
0.76417 0.76417 0.77891 0.77891 0.78628 0.78401 0.78401 0.76984 0.74093 0.74093 0.70125 0.70125 0.65249 0.59354 0.59354 0.51953 0.43351 0.43351 0.34473 0.22532 0.22532 0 0 0 0 0 0.89177 0.87031 0.87031 0.84866 0.84866 0.82688 0.80598 0.80598 0.78734 0.7723 0.7723 0.76165 0.75603 0.75603 0.75491 0.75491 0.7566 0.76007 0.76007 0.76493 0.77124 0.77124 0.77891 0.77891 0.7881 0.79835 0.79835 0.8085 0.81739 0.81739 0.8244 0.82863 0.82863 0.82992 0.82992 0.82668 0.81769 0.81769 0.80221 0.78106 0.78106 0.75408 0.72251 0.72251 0.66965 0.66965 0.61821 0.56889 0.56889 0.52225 0.47987
0.52211 0.52211 0.54535 0.54535 0.56293 0.57143 0.57143 0.56689 0.54422 0.54422 0.50876 0.50876 0.46432 0.41497 0.41497 0.33133 0.26784 0.26784 0.18944 0.11693 0.11693 0 0 0 0 0 0.83504 0.81679 0.81679 0.79871 0.78066 0.78066 0.76367 0.76367 0.74899 0.73812 0.73812 0.73114 0.72826 0.72826 0.72893 0.74516 0.7479 0.75223 0.75223 0.75808 0.76582 0.76582 0.77491 0.78532 0.78532 0.79676 0.79676 0.80856 0.8197 0.8197 0.82998 0.83851 0.83851 0.84446 0.84446 0.84628 0.84264 0.84264 0.83269 0.81745 0.81745 0.79712 0.7723 0.7723 0.74446 0.74446 0.71626 0.6881 0.6881 0.66056 0.6355
0.37591 0.37591 0.4302 0.4302 0.44684 0.45639 0.45639 0.45492 0.43639 0.43639 0.40528 0.36697 0.36697 0.30305 0.30305 0.21202 0 0 0.094149 0 0 0 0 0 0.8155 0.8155 0.79864 0.78235 0.78235 0.76645 0.75071 0.75071 0.7359 0.7359 0.72321 0.71412 0.71412 0.70846 0.70631 0.70631 0.70731 0.70731 0.71074 0.71534 0.71534 0.72165 0.72985 0.72985 0.73874 0.74797 0.74797 0.75765 0.75765 0.76843 0.7802 0.7802 0.79382 0.8084 0.8084 0.82218 0.82218 0.83273 0.83927 0.83927 0.84112 0.83974 0.83974 0.8359 0.82965 0.82965 0.81974 0.81974 0.80836 0.79471 0.79471 0.77884 0.76255
0 0 0 0 0 0 0 0 0 0 0 0 0 0 0 0 0 0 0 0.7917 0.7917 0.77124 0.77124 0.75269 0.73706 0.73706 0.72377 0.71101 0.71101 0.69871 0.68651 0.68651 0.67484 0.67484 0.66486 0.65788 0.65788 0.65329 0.65117 0.65117 0.65157 0.65375 0.65375 0.65646 0.65646 0.66076 0.66621 0.66621 0.67111 0.67514 0.67514 0.67881 0.67881 0.68486 0.69395 0.69395 0.7081 0.72645 0.72645 0.74737 0.76621 0.76621 0.78215 0.78215 0.79464 0.80658 0.80658 0.81868 0.83111 0.83111 0.83617 0.83617 0.83379 0.8277 0.8277 0.81779 0.80552
0 0 0 0.91451 0.91451 0 0 0 0 0 0 0.82975 0.82975 0.80869 0.80869 0.78575 0.76043 0.76043 0.73494 0.71137 0.71137 0.69021 0.67263 0.67263 0.6596 0.6596 0.68605 0.67494 0.67494 0.6644 0.65392 0.65392 0.64387 0.64387 0.63534 0.62932 0.62932 0.62489 0.62228 0.62228 0.62172 0.62221 0.62221 0.62268 0.62268 0.62456 0.62698 0.62698 0.62813 0.62803 0.62803 0.6274 0.6274 0.63015 0.63745 0.63745 0.6282 0.62354 0.62354 0.62215 0.64519 0.64519 0.66572 0.66572 0.70641 0.74876 0.74876 0.79355 0.81395 0.81395 0.83055 0.83055 0.84473 0.85246 0.85246 0.85316 0.84777
0.91874 0.91874 0.90889 0.8966 0.8966 0.88172 0.88172 0.8639 0.8441 0.8441 0.82307 0.80083 0.80083 0.77736 0.77736 0.7521 0.72469 0.72469 0.69775 0.67339 0.67339 0.65203 0.63498 0.63498 0.62311 0.62311 0.61464 0.60731 0.60731 0.60099 0.59478 0.59478 0.58896 0.58896 0.58387 0.57944 0.57944 0.57451 0.56955 0.56955 0.56502 0.55977 0.55977 0.55329 0.55329 0.5474 0.54096 0.54096 0.5321 0.52155 0.52155 0.49759 0.49759 0.47884 0.44717 0.44717 0.39894 0.35557 0.35557 0 0 0 0 0 0.53388 0.62906 0.62906 0.73035 0.72846 0.72846 0.72261 0.74648 0.74648 0.76314 0.76314 0.77137 0.80446
0.88737 0.88737 0.87464 0.8601 0.8601 0.84291 0.84291 0.82228 0.79904 0.79904 0.77405 0.74734 0.74734 0.7197 0.69098 0.69098 0.66112 0.66112 0.63279 0.60813 0.60813 0.5874 0.57174 0.57174 0.56182 0.56182 0.55617 0.55243 0.55243 0.55025 0.5483 0.5483 0.54608 0.54264 0.54264 0.53732 0.53732 0.52902 0.51841 0.51841 0.50655 0.49289 0.49289 0.47712 0.47712 0.46119 0.44393 0.44393 0.42397 0.38238 0.38238 0.33002 0.28347 0.28347 0 0.33124 0.26777 0 0 0 0 0 0 0 0.45345 0.5718 0.5718 0.69828 0.70089 0.70089 0.6674 0 0 0.68367 0.68367 0.69504 0.73084
0.84939 0.84939 0.83544 0.8206 0.8206 0.80331 0.80331 0.78255 0.75888 0.75888 0.73329 0.72489 0.72489 0.69656 0.66757 0.66757 0.63808 0.63808 0.61055 0.58694 0.58694 0.56744 0.55293 0.55293 0.5439 0.5439 0.53921 0.53636 0.53636 0.53484 0.53329 0.53329 0.53091 0.52608 0.52608 0.51818 0.51818 0.50648 0.49157 0.49157 0.47474 0.45593 0.45593 0.43481 0.43481 0.40364 0.37256 0.37256 0.34043 0.28823 0.28823 0.22698 0 0 0 0 0 0 0 0 0 0 0 0 0.36304 0.49805 0.49805 0.64377 0.65306 0.65306 0.62443 0.56284 0.56284 0 0 0 0.61445
0.83071 0.83071 0.81636 0.80169 0.80169 0.78479 0.78479 0.76466 0.74159 0.74159 0.71676 0.69002 0.69002 0.66304 0.6365 0.6365 0.61048 0.61048 0.58671 0.56678 0.56678 0.55051 0.53818 0.53818 0.52985 0.52502 0.52502 0.52093 0.52093 0.51689 0.51164 0.51164 0.50426 0.49269 0.49269 0.47683 0.47683 0.45663 0.43269 0.43269 0.40678 0.36962 0.36962 0.32274 0.26866 0.26866 0.21792 0.21792 0 0 0 0 0 0 0 0 0 0 0 0 0 0 0 0.37927 0.37927 0.50912 0.50912 0.61474 0.6603 0.6603 0.66565 0.54397 0.54397 0.47782 0.47782 0 0
0.80036 0.80036 0.78645 0.77349 0.77349 0.75874 0.74116 0.74116 0.72017 0.72017 0.69808 0.67379 0.67379 0.64972 0.62628 0.62628 0.60311 0.60311 0.58096 0.56195 0.56195 0.5446 0.52992 0.52992 0.51785 0.50866 0.50866 0.49841 0.49841 0.48744 0.47412 0.47412 0.45868 0.43934 0.43934 0.41653 0.41653 0.3806 0.34324 0.34324 0.2962 0.31266 0.31266 0.25686 0.19527 0.19527 0 0 0 0 0 0 0 0 0 0 0 0 0 0 0 0 0.27388 0.3956 0.3956 0.52526 0.52526 0.6122 0.65788 0.65788 0.69379 0.57207 0.57207 0.47418 0.47418 0 0
0.78912 0.78912 0.776 0.7645 0.7645 0.75127 0.73514 0.73514 0.71504 0.71504 0.69412 0.67055 0.67055 0.64701 0.62383 0.62383 0.60043 0.60043 0.57712 0.55656 0.55656 0.5366 0.51891 0.51891 0.50344 0.49074 0.49074 0.47633 0.47633 0.46139 0.44413 0.44413 0.42526 0.40321 0.40321 0.36899 0.36899 0.32374 0.27888 0.27888 0.22579 0.16542 0.16542 0 0 0 0 0 0 0 0 0 0 0 0 0 0 0 0 0 0 0 0.36126 0.46142 0.46142 0.56324 0.56324 0.61527 0.6604 0.6604 0.69461 0.60205 0.60205 0.53567 0 0 0
0.77494 0.77494 0.76509 0.75802 0.75802 0.74883 0.73603 0.73603 0.71782 0.71782 0.67207 0.64909 0.64909 0.62522 0.6003 0.6003 0.57332 0.57104 0.57104 0.5437 0.5437 0.51468 0.48744 0.48744 0.44807 0.41296 0.41296 0.37696 0.37696 0.34317 0.30916 0.30916 0.28079 0.25197 0.25197 0.21388 0.1677 0.1677 0 0 0 0 0 0 0 0 0 0 0 0 0 0 0 0 0 0 0 0 0 0.17494 0.27455 0.27455 0.38916 0.47712 0.47712 0.55111 0.55111 0.60466 0.65098 0.65098 0.6924 0.63098 0.63098 0.59683 0 0 -9999
0.76757 0.76757 0.76119 0.75848 0.75848 0.75342 0.74433 0.74433 0.72936 0.72936 0.63131 0.60998 0.60998 0 0.55993 0.55993 0.52962 0.57752 0.57752 0.54383 0.54383 0.48949 0.42221 0.42221 0.34552 0.27567 0.34926 0.29729 0.29729 0.24979 0.21934 0.21934 0.19491 0.17064 0.17064 0 0 0 0 0 0 0 0 0 0 0 0 0 0 0 0 0 0 0 0 0 0 0 0 0.18486 0.28112 0.28112 0.39207 0.47759 0.47759 0.53702 0.59193 0.59193 0.64056 0.64056 0.68036 0.68559 0.68559 -9999 -9999 -9999 -9999
0.76688 0.76688 0.76195 0.76102 0.76102 0.75788 0.75074 0.75074 0.73782 0.73782 0.64169 0.62188 0.62188 0 0.57326 0.57326 0.54248 0.58926 0.58926 0.55382 0.55382 0.47861 0.39144 0.39144 0.29617 0 0 0 0 0 0 0 0 0 0 0 0 0 0 0 0 0 0 0 0 0 0 0 0 0 0 0 0 0 0 0 0 0 0 0 0.17002 0.17002 0.25332 0.33441 0.33441 0.41808 0.50357 0.50357 0.57266 0.57266 0.63831 -9999 -9999 -9999 -9999 -9999 -9999
0.76621 0.76621 0.76278 0.7641 0.7641 0.76417 0.76102 0.76102 0.75289 0.68846 0.68846 0.67336 0.67336 0.65458 0.63154 0.63154 0.60212 0.62221 0.62221 0.58592 0.58592 0.50866 0.40056 0.40056 0 0 0 0 0 0 0 0 0 0 0 0 0 0 0 0 0 0 0 0 0 0 0 0 0 0 0 0 0 0 0 0 0 0 0 0 0 0 0 0.25954 0.25954 0.35425 0.45375 0.45375 0.54023 0.54023 -9999 -9999 -9999 -9999 -9999 -9999 -9999
0.76569 0.76569 0.76274 0.76549 0.76549 0.7686 0.76995 0.76995 0.76787 0.7646 0.7646 0.71398 0.71398 0.69788 0.67702 0.67702 0.64936 0.64374 0.64374 0.60866 0.60866 0.5324 0.44007 0.44007 0.33656 0 0 0 0 0 0 0 0 0 0 0 0 0 0 0 0 0 0 0 0 0 0 0 0 0 0 0 0 0 0 0 0 0 0 0 0 0 0 0 0 0 -9999 -9999 -9999 -9999 -9999 -9999 -9999 -9999 -9999 -9999 -9999
0.76628 0.76321 0.76321 0.76615 0.76615 0.77048 0.77408 0.77408 0.77527 0.77507 0.77507 0.76965 0.76965 0.76007 0.74549 0.74549 0.724 0.69686 0.69686 0.66744 0.63269 0.63269 0.57739 0.57739 0.50608 0.42089 0.42089 0.33788 0 0 0 0 0 0 0 0 0 0 0 0 0 0 0 0 0 0 0 0 0 0 0 0 0 0 0 0 0 0 0 0 0 0 0 -9999 -9999 -9999 -9999 -9999 -9999 -9999 -9999 -9999 -9999 -9999 -9999 -9999 -9999
0.77207 0.76777 0.76777 0.76962 0.76962 0.77514 0.78238 0.78238 0.78959 0.79537 0.79537 0.79732 0.79732 0.79557 0.78969 0.78969 0.77798 0.76169 0.76169 0.74271 0.71917 0.71917 0.69068 0.69068 0.65841 0.60684 0.60684 0.55395 0.50245 0.50245 0.43861 0.43861 0.37878 0.3395 0.3395 0.28823 0.23881 0.23881 0 0 0 0 0 0 0 0 0 0 0 0 0 0 0 0 0 0 0 0 0 0 0 0 -9999 -9999 -9999 -9999 -9999 -9999 -9999 -9999 -9999 -9999 -9999 -9999 -9999 -9999 -9999
0.77567 0.77035 0.77035 0.77101 0.77101 0.7764 0.78469 0.78469 0.79405 0.80238 0.80238 0.8079 0.81021 0.81021 0.80916 0.80916 0.80307 0.79286 0.79286 0.77987 0.76278 0.76278 0.7399 0.7399 0.7124 0.68126 0.68126 0.64688 0.61131 0.61131 0.56159 0.51388 0.51388 0.4684 0.4684 0.41078 0.35445 0.35445 0.31438 0.26423 0.26423 0.20413 0.20413 0 0 0 0 0 0 0 0 0 0 0 0 0 0 0 -9999 -9999 -9999 -9999 -9999 -9999 -9999 -9999 -9999 -9999 -9999 -9999 -9999 -9999 -9999 -9999 -9999 -9999 -9999
