data/Petrone_etal_2016/Sediment_thickness/tbl_sed_thick_eo_lake_dep_wgs84.asc
ncols         866
nrows         297
xllcorner     -50.201966770779
yllcorner     67.120582669113
cellsize      7.2870550417999e-005
NODATA_value  -9999
[rows 102 to 135 of 297, columns 385 to 461 of 866]
0 0 0 0 0 0 0 0 0 0 0 0 0 0 0 0 0 0 0 0 0 0 0 0 0 0 0 0 0 0 0 0 0 0 0 0 0 0 0 0 0 0 0 0 0 0.09924 0.09924 0.13742 0.13742 0.18645 0 0 0.22529 0.25855 0.25855 0 0 0 0.43243 0.43243 0.48188 0.54793 0.54793 0.57696 0.60327 0.60327 0.62846 0.62846 0.6519 0.67455 0.67455 0.69498 0.71501 0.71501 0.73481 0.75458 0.75458
0 0 0 0 0 0 0 0 0 0 0 0 0 0 0 0 0 0 0 0 0 0 0 0 0 0 0 0 0 0 0 0 0 0 0 0 0 0 0 0 0 0 0 0 0 0.15031 0.15031 0.19666 0.19666 0.25408 0.26661 0.26661 0.28975 0.30142 0.30142 0.34916 0.38522 0.38522 0.45511 0.45511 0.50539 0.57316 0.57316 0.60397 0.6316 0.6316 0.65699 0.65699 0.67977 0.70109 0.70109 0.71974 0.73779 0.73779 0.75577 0.77342 0.77342
0 0 0 0 0 0 0 0 0 0 0 0 0 0 0 0 0 0 0 0 0 0 0 0 0 0 0 0 0 0 0 0 0 0 0 0 0 0 0 0 0 0 0.089983 0.089983 0.12165 0.14817 0.14817 0.16268 0.2038 0.2038 0.23484 0.23484 0.30132 0 0 0.43613 0.48562 0.48562 0.55084 0.55084 0.58112 0.61038 0.61038 0.63874 0.6644 0.6644 0.68764 0.708 0.708 0.72664 0.72664 0.74251 0.75769 0.75769 0.77306 0.7881 0.7881
0 0 0 0 0 0 0 0 0 0 0 0 0 0 0 0 0 0 0 0 0 0 0 0 0 0 0.13686 0.13686 0.1482 0.14764 0.14764 0 0 0 0 0 0 0 0 0 0 0 0.12443 0.12443 0.16417 0 0 0 0 0 0 0 0 0.40291 0.40291 0.46833 0.51504 0.51504 0.57779 0.57779 0.60585 0.63286 0.63286 0.65891 0.68238 0.68238 0.7035 0.72175 0.72175 0.73845 0.73845 0.75269 0.76628 0.76628 0.78017 0.79379 0.79379
0 0 0 0 0 0 0 0 0 0 0 0 0 0 0 0 0 0 0 0 0 0 0 0 0 0.18555 0.21111 0.21111 0.22354 0.22291 0.22291 0.18539 0.18539 0.1358 0 0 0 0 0 0 0.13392 0.13392 0 0 0.24327 0.26714 0.26714 0.29653 0.32797 0.32797 0.38879 0.38879 0.44889 0.50836 0.50836 0.56893 0.61107 0.61107 0.63461 0.65812 0.65812 0.67987 0.67987 0.7001 0.71785 0.71785 0.73359 0.74698 0.74698 0.7594 0.7594 0.77028 0.78063 0.78063 0.79154 0.80241 0.80241
0 0 0 0 0 0 0 0 0 0 0 0 0 0 0 0 0 0 0 0 0.16496 0.23858 0.23858 0.29534 0.29534 0.33689 0.36053 0.36053 0.37617 0.3763 0.3763 0.34731 0.34731 0.30674 0 0 0 0 0 0 0.28407 0.28407 0.3435 0.3435 0.41094 0.45689 0.45689 0.51874 0.55203 0.55203 0.58169 0.58169 0.60721 0.62883 0.62883 0.64922 0.66906 0.66906 0.68886 0.7076 0.7076 0.7239 0.7239 0.73792 0.74955 0.73458 0.74734 0.75825 0.75825 0.7686 0.7686 0.77795 0.78688 0.78688 0.79646 0.80615 0.80615
0 0 0 0 0 0 0 0 0 0 0 0 0 0 0 0 0 0 0.18793 0.18793 0.22701 0.31015 0.31015 0.36417 0.36417 0.40086 0.41765 0.41765 0.42496 0.42602 0.42602 0.4081 0.4081 0.37898 0.35207 0.35207 0.32767 0.31983 0.31983 0.32899 0.37045 0.37045 0.41815 0.41815 0.47286 0.51699 0.51699 0.5634 0.59408 0.59408 0.62086 0.62086 0.6436 0.66261 0.66261 0.68056 0.69769 0.69769 0.71461 0.73021 0.73021 0.7434 0.7434 0.75431 0.76317 0.76317 0.77094 0.77798 0.77798 0.78516 0.79217 0.79217 0.79878 0.79878 0.80608 0.81375 0.81375
0 0 0 0 0 0 0 0 0 0 0 0 0 0 0 0 0 0 0.22621 0.22621 0.31699 0.40473 0.40473 0.44744 0.44744 0.47911 0.49907 0.49907 0.50926 0.5121 0.5121 0.51124 0.51269 0.51269 0.51676 0.51676 0.52314 0.53117 0.53117 0.54225 0.55663 0.55663 0.57564 0.57564 0.59921 0.62506 0.62506 0.65094 0.67537 0.67537 0.696 0.71299 0.71299 0.72691 0.72691 0.73993 0.75183 0.75183 0.76284 0.77223 0.77223 0.77944 0.77944 0.78466 0.7886 0.7886 0.79253 0.79683 0.79683 0.80188 0.80731 0.80731 0.81233 0.81233 0.81779 0.8239 0.8239
0 0 0 0 0 0 0 0 0 0 0 0 0 0 0 0 0 0.18496 0.27534 0.27534 0.37567 0.44932 0.44932 0.49431 0.49431 0.52843 0.55164 0.55164 0.56579 0.57207 0.57207 0.57607 0.58284 0.58284 0.59213 0.59213 0.60317 0.61593 0.61593 0.6314 0.6484 0.6484 0.66744 0.66744 0.68817 0.70873 0.70873 0.72774 0.74486 0.74486 0.73051 0.7445 0.7445 0.75587 0.75587 0.76631 0.77557 0.77557 0.78367 0.79031 0.79031 0.79501 0.79501 0.79805 0.8003 0.8003 0.80304 0.80638 0.80638 0.81068 0.81544 0.81544 0.81977 0.81977 0.82436 0.82979 0.82979
0 0 0 0 0 0 0 0 0 0 0 0 0 0 0 0 0 0.20109 0.29352 0.29352 0.3962 0.46026 0.46026 0.50565 0.54063 0.54063 0.56539 0.56539 0.58175 0.59045 0.59045 0.59798 0.60817 0.60817 0.6205 0.6205 0.63405 0.64896 0.64896 0.66595 0.6837 0.6837 0.70245 0.72172 0.72172 0.73987 0.73987 0.75583 0.76965 0.76965 0.78109 0.79018 0.79018 0.79775 0.79775 0.8046 0.81058 0.81058 0.81521 0.81825 0.81825 0.8197 0.82 0.82 0.8202 0.8202 0.82142 0.82374 0.82374 0.82711 0.83094 0.83094 0.83438 0.83438 0.83792 0.84251 0.84251
0 0 0 0 0 0 0 0 0 0 0 0 0 0 0 0 0 0.21669 0.31061 0.31061 0.41547 0.46969 0.46969 0.51574 0.55256 0.55256 0.58083 0.58083 0.60175 0.61531 0.61531 0.62936 0.64542 0.64542 0.66274 0.66274 0.6802 0.69788 0.69788 0.71669 0.73491 0.73491 0.7523 0.76843 0.76843 0.78261 0.78261 0.79415 0.80364 0.80364 0.8114 0.81745 0.81745 0.82251 0.82251 0.82701 0.83078 0.83078 0.83336 0.83458 0.83458 0.83471 0.83408 0.83408 0.83382 0.83382 0.83481 0.83716 0.83716 0.8405 0.84436 0.84436 0.84807 0.84807 0.85177 0.85643 0.85643
0 0 0 0 0 0 0 0 0 0 0 0 0 0 0 0 0 0.21878 0.31365 0.31365 0.4203 0.47656 0.47656 0.52387 0.56321 0.56321 0.59501 0.59501 0.61954 0.6361 0.6361 0.65398 0.67289 0.67289 0.69233 0.67785 0.69626 0.71438 0.71438 0.73316 0.75088 0.75088 0.76717 0.78179 0.78179 0.79458 0.79458 0.80489 0.81326 0.81326 0.82 0.82516 0.82516 0.82939 0.83316 0.83316 0.83636 0.83636 0.83861 0.8397 0.8397 0.8399 0.8394 0.8394 0.83931 0.83931 0.8405 0.84311 0.84311 0.84664 0.85074 0.85074 0.85474 0.85861 0.85861 0.86327 0.86327
0 0 0 0 0 0 0 0 0 0 0 0 0 0 0 0 0.22096 0.22096 0.31679 0.31679 0.42483 0.48225 0.48225 0.53048 0.57127 0.57127 0.60479 0.60479 0.63078 0.64813 0.64813 0.66688 0.68615 0.68615 0.70562 0.724 0.724 0.74149 0.74149 0.75881 0.77428 0.77428 0.78734 0.79831 0.79831 0.80797 0.80797 0.81574 0.82188 0.82188 0.82678 0.83061 0.83061 0.83392 0.83709 0.83709 0.8402 0.8402 0.84291 0.84486 0.84486 0.84625 0.84711 0.84711 0.84836 0.84836 0.85084 0.85461 0.85461 0.85888 0.86347 0.86347 0.86783 0.87167 0.87167 0.87587 0.87587
0 0 0 0 0 0 0 0 0 0 0 0 0 0 0 0 0.22344 0.22344 0.32089 0.32089 0.43137 0.49144 0.49144 0.54248 0.58681 0.58681 0.62393 0.62393 0.65286 0.67193 0.67193 0.6919 0.71134 0.71134 0.73018 0.74717 0.74717 0.76284 0.76284 0.77765 0.79005 0.79005 0.79947 0.80684 0.80684 0.81332 0.81332 0.81858 0.82278 0.82278 0.82635 0.82962 0.82962 0.83289 0.83633 0.83633 0.84 0.84 0.8437 0.84698 0.84698 0.85018 0.85319 0.85319 0.85256 0.85256 0.85597 0.86046 0.86046 0.86506 0.86972 0.86972 0.87402 0.87762 0.87762 0.88139 0.88139
0 0 0 0 0 0 0 0 0 0 0 0 0 0 0 0 0.22069 0.22069 0.31828 0.31828 0.43253 0.49388 0.49388 0.54648 0.59253 0.59253 0.63131 0.66162 0.66162 0.68165 0.68165 0.70215 0.72165 0.72165 0.7401 0.7563 0.7563 0.77094 0.77094 0.78446 0.79534 0.79534 0.80317 0.80909 0.80909 0.81431 0.81864 0.81864 0.82228 0.82228 0.82555 0.82883 0.82883 0.83226 0.8359 0.8359 0.83977 0.83977 0.84387 0.84777 0.84777 0.8519 0.85597 0.85597 0.8604 0.86549 0.86549 0.87104 0.87104 0.8758 0.88013 0.88013 0.88393 0.88701 0.88701 0.88992 0.88992
0 0 0 0 0 0 0 0 0 0 0 0 0 0 0 0 0.2162 0.2162 0.31286 0.31286 0.42334 0.48717 0.48717 0.54324 0.59316 0.59316 0.63583 0.66992 0.66992 0.69352 0.69352 0.7161 0.7364 0.7364 0.75428 0.76889 0.76889 0.78112 0.78112 0.79193 0.79993 0.79993 0.80532 0.80945 0.80945 0.81352 0.81736 0.81736 0.82116 0.82116 0.82489 0.82889 0.82889 0.83306 0.83736 0.83736 0.84188 0.84188 0.84701 0.8524 0.8524 0.85841 0.86433 0.86433 0.87025 0.87623 0.87623 0.88195 0.88195 0.88625 0.89002 0.89002 0.89339 0.89603 0.89603 0.89812 0.89812
0 0 0 0 0 0 0 0 0 0 0 0 0 0 0 0 0.20479 0.20479 0.29871 0.29871 0.40664 0.47256 0.47256 0.53203 0.58602 0.58602 0.63279 0.67111 0.67111 0.69911 0.69911 0.72417 0.74526 0.74526 0.76268 0.77603 0.77603 0.78631 0.78631 0.79514 0.80145 0.80145 0.80595 0.80992 0.80992 0.81431 0.81891 0.81891 0.82374 0.82169 0.82595 0.83048 0.83048 0.83511 0.83987 0.83987 0.84493 0.85071 0.85071 0.85699 0.85699 0.86397 0.87068 0.87068 0.87712 0.88334 0.88334 0.88889 0.88889 0.89279 0.89613 0.89613 0.89907 0.90119 0.90119 0.90255 0.90436
0 0 0 0 0 0 0 0 0 0 0 0 0 0 0 0 0.19884 0.19884 0.29127 0.39775 0.39775 0.4646 0.4646 0.52575 0.58182 0.58182 0.63071 0.67117 0.67117 0.70139 0.70139 0.72764 0.74896 0.74896 0.76602 0.77881 0.77881 0.78836 0.79646 0.79646 0.80238 0.80238 0.80694 0.81134 0.81134 0.8163 0.82155 0.82155 0.82704 0.82704 0.83269 0.83861 0.83861 0.8446 0.85088 0.85088 0.85762 0.86496 0.86496 0.87269 0.87269 0.88086 0.88833 0.88833 0.89504 0.90102 0.90102 0.90572 0.90572 0.9084 0.91025 0.91025 0.91144 0.91157 0.91157 0.91078 0.91012
0 0 0 0 0 0 0 0 0 0 0 0 0 0 0 0 0.1315 0.1315 0.22235 0.32724 0.32724 0.41547 0.41547 0.50426 0.57851 0.57851 0.63028 0.67355 0.67355 0.70671 0.70671 0.73448 0.7559 0.7559 0.77236 0.78469 0.78469 0.79379 0.80139 0.80139 0.80757 0.80757 0.81319 0.81907 0.81907 0.82559 0.83253 0.83253 0.83964 0.83964 0.84711 0.85468 0.85468 0.86218 0.86995 0.86995 0.87802 0.88618 0.88618 0.89438 0.89438 0.90251 0.90949 0.90949 0.91537 0.92007 0.92007 0.92291 0.9235 0.9235 0.92294 0.92294 0.92145 0.91904 0.91904 0.9161 0.91236
0 0 0 0 0 0 0 0 0 0 0 0 0 0 0 0 0 0 0 0.28172 0.28172 0.3914 0.3914 0.50764 0.58327 0.58327 0.63626 0.68043 0.68043 0.71468 0.74258 0.74258 0.76344 0.76344 0.776 0.78813 0.78813 0.79716 0.80469 0.80469 0.81124 0.81124 0.81769 0.8246 0.8246 0.8322 0.84033 0.84033 0.8486 0.85722 0.85722 0.86579 0.86579 0.87412 0.88255 0.88255 0.89107 0.89937 0.89937 0.9074 0.9074 0.91504 0.92126 0.92126 0.92618 0.92962 0.92962 0.93098 0.93005 0.93005 0.92787 0.92787 0.92476 0.92099 0.92099 0.91709 0.91164
0 0 0 0 0 0 0 0 0 0 0 0 0 0 0 0 0 0 0 0.2754 0.2754 0.39511 0.39511 0.51008 0.5842 0.5842 0.6357 0.67835 0.67835 0.71164 0.73858 0.73858 0.75871 0.75871 0.77405 0.78655 0.78655 0.79663 0.80575 0.80575 0.81491 0.81491 0.82469 0.83504 0.83504 0.84612 0.85772 0.85772 0.86909 0.88033 0.88033 0.89091 0.89091 0.90066 0.90995 0.90995 0.91884 0.92681 0.92681 0.93392 0.93392 0.9399 0.9439 0.9439 0.94615 0.94661 0.94661 0.94486 0.94112 0.94112 0.93626 0.93626 0.93078 0.92516 0.92516 0.92023 0.91223
0 0 0 0 0 0 0 0 0 0 0 0 0 0 0 0 0 0 0.24813 0.35633 0.35633 0.45074 0.45074 0.53372 0.58476 0.58476 0.628 0.66205 0.66205 0.68843 0.70949 0.70949 0.72536 0.72536 0.73907 0.75302 0.75302 0.76684 0.78116 0.78116 0.79722 0.81441 0.81441 0.8318 0.8318 0.84982 0.8678 0.8678 0.88433 0.89937 0.89937 0.91269 0.91269 0.92377 0.93352 0.93352 0.94245 0.94972 0.94972 0.95547 0.95954 0.95954 0.96136 0.96136 0.95464 0.95382 0.95382 0.95088 0.94618 0.94618 0.94046 0.94046 0.93428 0.92817 0.92817 0.92307 0.91445
0 0 0 0 0 0 0 0 0 0 0 0 0 0 0 0 0.24681 0.24681 0.35071 0.39983 0.39983 0.48 0.54479 0.54479 0.58985 0.58985 0.62698 0.65491 0.65491 0.67597 0.69253 0.69253 0.70516 0.70516 0.71722 0.73121 0.73121 0.74668 0.76364 0.76364 0.78314 0.80387 0.80387 0.82456 0.82456 0.84592 0.86731 0.86731 0.88691 0.90436 0.90436 0.91967 0.91967 0.93197 0.94215 0.94215 0.95098 0.95779 0.95779 0.96274 0.96579 0.96579 0.96655 0.96655 0.96526 0.96251 0.96251 0.95818 0.95283 0.95283 0.94684 0.94684 0.94076 0.93514 0.93514 0.93107 0.92327
0 0 0 0 0 0 0 0 0 0 0 0 0 0 0 0 0.29765 0.29765 0.40727 0.49415 0.49415 0.54182 0.57993 0.57993 0.58407 0.58407 0.5804 0.5684 0.5684 0.55137 0.53213 0.53213 0.53775 0.53775 0.57177 0.61012 0.61012 0.65233 0.69788 0.69788 0.74777 0.77293 0.77293 0.79808 0.79808 0.8245 0.85124 0.85124 0.8759 0.89808 0.89808 0.91838 0.91838 0.93461 0.9475 0.9475 0.95795 0.96526 0.96526 0.96939 0.97114 0.97114 0.97045 0.97045 0.96793 0.96443 0.96443 0.95993 0.95504 0.95504 0.95002 0.94536 0.94536 0.94165 0.94165 0.9399 0.93445
0 0 0 0 0 0 0 0 0 0 0 0 0 0 0.29481 0.29481 0.41015 0.41015 0.51352 0.57005 0.57005 0.60512 0.62962 0.62962 0.59395 0.59395 0.5519 0 0 0 0 0 0 0 0 0 0 0.47306 0.54145 0.54145 0.61441 0.66383 0.66383 0.74271 0.74271 0.7965 0.82347 0.82347 0.84909 0.88717 0.88717 0.90932 0.92744 0.92744 0.94215 0.94215 0.95428 0.96288 0.96288 0.96767 0.96985 0.96985 0.96916 0.96916 0.96655 0.96324 0.96324 0.95921 0.95501 0.95501 0.95091 0.9474 0.9474 0.94502 0.94502 0.94469 0.94056
0 0 0 0 0 0 0 0 0 0 0 0 0 0 0.37818 0.37818 0.4806 0.4806 0.56807 0.60532 0.60532 0.63316 0.65071 0.65071 0.60902 0.60902 0.56218 0 0 0 0 0 0 0 0 0 0 0 0 0 0.55091 0.59752 0.59752 0.67365 0.67365 0.75415 0.80863 0.80863 0.83296 0.85567 0.85567 0.87848 0.89812 0.89812 0.91537 0.91537 0.93121 0.9442 0.9442 0.95283 0.95858 0.95858 0.96069 0.96069 0.96013 0.95868 0.95868 0.95683 0.95524 0.95524 0.95405 0.95369 0.95369 0.95428 0.95428 0.95656 0.9555
0.19653 0.19653 0.16202 0.14909 0.14909 0 0 0 0 0 0.28397 0.37782 0.37782 0.45805 0.52496 0.52496 0.5918 0.5918 0.63851 0.66096 0.66096 0.67455 0.6797 0.6797 0.65498 0.62823 0.62823 0.59894 0.59894 0.57018 0.5439 0.5439 0.54575 0.54869 0.54869 0.52671 0.52671 0.50536 0.51329 0.51329 0 0 0 0.54122 0.5838 0.5838 0.63197 0.63197 0.6806 0.75898 0.75898 0.80866 0.85673 0.85673 0.87286 0.87286 0.88959 0.90559 0.90559 0.91927 0.93147 0.93147 0.93997 0.94516 0.94516 0.94912 0.94912 0.9519 0.95451 0.95451 0.95772 0.96175 0.96175 0.96598 0.96598 0.97091 0
0.43415 0.43415 0.40188 0 0 0 0.412 0.412 0.45316 0.45316 0.52803 0.58645 0.58645 0.62674 0.65021 0.65021 0.67091 0.67091 0.68777 0.69855 0.69855 0.70331 0.70324 0.70324 0.70331 0.7041 0.7041 0.70426 0.70426 0.70542 0.70909 0.70909 0.71359 0.71815 0.69564 0.67514 0.67514 0.62678 0.60661 0.60661 0.58615 0.53521 0.53521 0 0 0 0.56056 0.56056 0.60506 0.68036 0.68036 0.72787 0.80433 0.80433 0.84988 0.84988 0.86595 0.88248 0.88248 0.89815 0.91365 0.91365 0.92615 0.93534 0.93534 0.94301 0.94301 0.94886 0.95385 0.95385 0.95917 0.96522 0.96522 0 0 0 0
0.53626 0.53626 0.5042 0.49557 0.49557 0.50926 0.52374 0.52374 0.55891 0.55891 0.6125 0.64783 0.64783 0.66334 0.6795 0.6795 0.69365 0.69365 0.70489 0.71137 0.71137 0.71379 0.71342 0.71342 0.71471 0.71788 0.71788 0.72142 0.72142 0.72595 0.73246 0.73246 0.73911 0.74476 0.74476 0.75217 0.75217 0.75881 0.7636 0.7636 0.73663 0.67683 0.67683 0.64251 0.57914 0.57914 0.51911 0.51911 0 0 0 0.56836 0.64093 0.64093 0.71395 0.78833 0.78833 0.83451 0.83451 0.85276 0.87392 0.87392 0.89418 0.912 0.912 0.92833 0.92833 0.94169 0 0 0 0 0 0 0 0 0
0.68975 0.68975 0.68998 0.69223 0.69223 0.69593 0.6995 0.6995 0.70337 0.70337 0.70714 0.71193 0.71193 0.71607 0.72083 0.72083 0.72536 0.72896 0.72896 0.73101 0.73101 0.73319 0.73646 0.73646 0.74347 0.75352 0.75352 0.76479 0.76479 0.7766 0.78926 0.78926 0.8006 0.80902 0.80902 0.81663 0.82089 0.82089 0.82136 0.82136 0.81785 0.81045 0.81045 0.79633 0.75117 0.75117 0.67765 0.67765 0.60731 0.51233 0.51233 0 0 0 0.5601 0.6326 0.6326 0.73742 0.73742 0.81656 0.84162 0.84162 0.86856 0.89398 0.90149 0.92198 0.92198 0 0 0 0 0 0 0 0 0 0
0.78073 0.78073 0.77554 0.77071 0.77071 0.76628 0.76172 0.76172 0.75759 0.75759 0.75382 0.75117 0.75117 0.7484 0.74631 0.74631 0.74526 0.74489 0.74489 0.73937 0.73937 0.74231 0.7476 0.7476 0.75709 0.76992 0.76992 0.78407 0.78407 0.79851 0.81339 0.81339 0.82668 0.83686 0.83686 0.84559 0.85038 0.85038 0.85074 0.85074 0.84641 0.83742 0.83742 0.82066 0.80129 0.80129 0.75369 0.75369 0.67831 0.57821 0.57821 0.48453 0 0 0 0.56321 0.56321 0.66681 0.66681 0.77636 0.83296 0.83296 0.86202 0.88992 0.88992 0.91617 0.91617 0 0 0 0 0 0 0 0 0 0
0.80734 0.80734 0.79997 0.79243 0.79243 0.78496 0.77765 0.77765 0.77114 0.77114 0.76539 0.76089 0.76089 0.75673 0.75336 0.75336 0.75154 0.75107 0.75107 0.75296 0.75296 0.75831 0.76724 0.76724 0.78007 0.7957 0.7957 0.81187 0.8279 0.8279 0.84374 0.84374 0.85808 0.87021 0.87021 0.88129 0.88902 0.88902 0.89286 0.89286 0.8918 0.88483 0.88483 0.86873 0.84734 0.84734 0.82582 0.80569 0.80569 0.73012 0.73012 0.59894 0.50126 0.50126 0 0 0 0.54383 0.54383 0.68198 0.80149 0.80149 0.864 0.89362 0.89362 0 0 0 0 0 0 0 0 0 0 0 0
0.83603 0.83603 0.82605 0.81554 0.81554 0.80489 0.79468 0.79468 0.78575 0.77805 0.77805 0.77207 0.77207 0.7675 0.7644 0.7644 0.76367 0.76569 0.76569 0.77104 0.77104 0.77997 0.7923 0.7923 0.8075 0.82426 0.82426 0.84053 0.8558 0.8558 0.86995 0.86995 0.88268 0.89418 0.89418 0.90522 0.91445 0.91445 0.92142 0.92142 0.92489 0.92258 0.92258 0.91111 0.89302 0.89302 0.87355 0.85458 0.85458 0.78347 0.78347 0.64737 0.51468 0.51468 0 0 0 0.52063 0.52063 0.6601 0.81101 0.81101 0 0 0 0 0 0 0 0 0 0 0 0 0 0 0
0.84774 0.84774 0.8362 0.82456 0.82106 0.80952 0.79874 0.79874 0.78959 0.78208 0.78208 0.77673 0.77673 0.77332 0.77164 0.77164 0.77256 0.7765 0.7765 0.7836 0.7836 0.79385 0.80717 0.80717 0.82274 0.83921 0.83921 0.85488 0.86939 0.86939 0.88241 0.88241 0.89398 0.90453 0.90453 0.91455 0.92324 0.92324 0.93064 0.93064 0.9354 0.93531 0.93531 0.92688 0.9115 0.9115 0.89412 0.87696 0.87696 0.86198 0.86198 0.78721 0.68579 0.68579 0 0 0 0 0 0 0 0 0 0 0 0 0 0 0 0 0 0 0 0 0 0 0
