data/Petrone_etal_2016/Sediment_thickness/tbl_sed_thick_glacial_dep_utm22n.asc
ncols         541
nrows         475
xllcorner     534622.5
yllcorner     7445082.5
cellsize      5
NODATA_value  -9999
[rows 363 to 395 of 475, columns 76 to 151 of 541]
7.0403 7.0996 7.147 7.1721 7.1668 7.1304 7.0695 6.9988 6.9338 6.8883 6.8672 6.8706 6.8915 6.9249 6.9645 7.0057 7.0389 7.0542 7.0413 6.9948 6.9136 6.8021 6.6666 6.5122 6.3407 6.1528 5.9492 5.731 5.4989 5.2519 4.9885 4.7048 4.3995 4.0816 3.7608 3.484 3.3179 3.3259 3.496 3.7443 3.9968 4.211 4.3936 4.5518 4.7033 4.8619 5.0358 5.2267 5.4318 5.6453 5.8598 6.0672 6.2597 6.4305 6.5748 6.6903 6.7785 6.8444 6.8959 6.9413 6.9881 7.0411 7.1018 7.169 7.2396 7.31 7.3771 7.4387 7.4947 7.5463 7.596 7.6469 7.7017 7.7626 7.8301 7.9033
7.0943 7.1833 7.2635 7.3261 7.3645 7.377 7.3671 7.3435 7.3158 7.2931 7.2794 7.2757 7.2787 7.2863 7.2949 7.3019 7.3011 7.2859 7.2492 7.1867 7.0969 6.9825 6.847 6.6939 6.5243 6.339 6.139 5.9259 5.7016 5.4674 5.2244 4.9748 4.7228 4.4793 4.2652 4.1071 4.0261 4.0272 4.0995 4.2187 4.3571 4.4931 4.6202 4.7436 4.8731 5.0161 5.1766 5.3548 5.5474 5.7486 5.9509 6.1461 6.3267 6.4861 6.6198 6.7258 6.8056 6.8643 6.9096 6.95 6.9928 7.043 7.1019 7.1681 7.2381 7.3078 7.3733 7.4321 7.4834 7.5286 7.5704 7.6122 7.6576 7.7092 7.7679 7.8332
7.1388 7.2553 7.3638 7.4564 7.5271 7.5735 7.5972 7.6032 7.5975 7.5863 7.5732 7.5603 7.5475 7.535 7.5219 7.5063 7.4842 7.4504 7.3993 7.327 7.2319 7.1153 6.9798 6.8277 6.6602 6.478 6.2826 6.0765 5.8627 5.6442 5.4244 5.2079 5.0011 4.8136 4.6582 4.5476 4.4889 4.4808 4.5148 4.5779 4.6574 4.7442 4.8362 4.9359 5.0482 5.1769 5.3242 5.4895 5.6693 5.8577 6.0469 6.2289 6.3962 6.5425 6.6638 6.7583 6.8276 6.8769 6.9139 6.9471 6.984 7.0293 7.0845 7.1479 7.2155 7.2827 7.3449 7.3989 7.4435 7.4801 7.5115 7.542 7.5757 7.6157 7.6638 7.7195
7.1691 7.3118 7.4463 7.5644 7.6597 7.7292 7.7729 7.7941 7.7975 7.7882 7.7704 7.7473 7.721 7.6933 7.6648 7.6344 7.5989 7.5537 7.4938 7.4151 7.316 7.1974 7.0612 6.9096 6.7438 6.5653 6.3758 6.1785 5.9773 5.7765 5.5805 5.3944 5.2242 5.0768 4.9594 4.877 4.8307 4.8173 4.8309 4.8649 4.9137 4.9741 5.0454 5.1291 5.2274 5.3432 5.4778 5.6305 5.7974 5.9725 6.1479 6.3156 6.4682 6.5998 6.7066 6.7872 6.8437 6.8811 6.9074 6.9309 6.9592 6.9971 7.0461 7.1043 7.1673 7.2298 7.2863 7.3332 7.3689 7.3946 7.4136 7.4308 7.451 7.4783 7.5147 7.56
7.1797 7.3472 7.5056 7.6463 7.7619 7.848 7.9039 7.9319 7.9367 7.9238 7.8984 7.8647 7.8264 7.7864 7.746 7.7046 7.6595 7.6063 7.5397 7.4558 7.353 7.2317 7.094 6.942 6.7778 6.6032 6.4206 6.2337 6.047 5.8652 5.693 5.5348 5.3952 5.278 5.1868 5.1233 5.0866 5.074 5.0813 5.1049 5.1417 5.1901 5.2499 5.3224 5.4096 5.5139 5.6367 5.777 5.9311 6.0926 6.2537 6.4062 6.5428 6.6579 6.7482 6.8127 6.8536 6.8766 6.8894 6.9006 6.9177 6.9457 6.9858 7.0361 7.0918 7.1468 7.1951 7.2324 7.2568 7.2695 7.2744 7.2769 7.2828 7.2967 7.3212 7.3565
7.1665 7.357 7.5371 7.6978 7.8306 7.9301 7.9943 8.0253 8.0283 8.0097 7.9758 7.9322 7.8835 7.8331 7.783 7.7328 7.6798 7.6196 7.5471 7.4583 7.3512 7.2266 7.0865 6.9337 6.7706 6.6 6.4251 6.2498 6.0787 5.9166 5.7677 5.6355 5.5229 5.432 5.3639 5.3185 5.2941 5.2883 5.2979 5.3203 5.3536 5.3967 5.4499 5.5144 5.5926 5.6869 5.7989 5.9276 6.0691 6.2171 6.3634 6.4999 6.6194 6.7165 6.7882 6.8343 6.8576 6.8637 6.8609 6.8575 6.8611 6.8766 6.9054 6.9451 6.9907 7.0355 7.0731 7.0983 7.1093 7.1073 7.0968 7.0837 7.0748 7.0752 7.0883 7.1143
7.1284 7.3401 7.5391 7.7168 7.8643 7.9747 8.0454 8.0781 8.0786 8.0541 8.0124 7.96 7.9026 7.8438 7.7857 7.7277 7.6669 7.5989 7.5186 7.4224 7.309 7.1797 7.037 6.8843 6.7245 6.5606 6.3961 6.2348 6.0813 5.9397 5.8137 5.7061 5.6185 5.5517 5.5055 5.4789 5.4695 5.4747 5.4918 5.5183 5.5526 5.5942 5.6435 5.7024 5.7734 5.8594 5.9618 6.0798 6.2094 6.344 6.4753 6.5953 6.6966 6.7743 6.826 6.852 6.8557 6.8434 6.8232 6.8036 6.792 6.7932 6.8084 6.8353 6.8684 6.9007 6.9251 6.9362 6.9321 6.9142 6.8872 6.8581 6.8341 6.8213 6.8234 6.8409
7.0678 7.2986 7.5132 7.7047 7.8639 7.9831 8.0588 8.0927 8.0909 8.0618 8.0139 7.955 7.891 7.8254 7.7595 7.692 7.6196 7.5378 7.443 7.3329 7.2083 7.0721 6.9277 6.7788 6.6281 6.4779 6.3308 6.1897 6.0585 5.9405 5.8387 5.7555 5.692 5.6484 5.6237 5.6162 5.6232 5.6416 5.6684 5.7013 5.7388 5.7808 5.8281 5.8831 5.9488 6.028 6.1223 6.2306 6.3489 6.4704 6.5867 6.6897 6.7722 6.8298 6.8604 6.8654 6.8486 6.8169 6.7785 6.7417 6.7139 6.6996 6.6998 6.7121 6.7308 6.7486 6.758 6.7537 6.7333 6.6985 6.6547 6.6092 6.5702 6.5444 6.5359 6.5455
6.9894 7.2351 7.4598 7.6593 7.8254 7.9504 8.0306 8.0675 8.0667 8.0369 7.987 7.9247 7.8556 7.7824 7.7048 7.62 7.5246 7.4155 7.2921 7.156 7.0123 6.8663 6.7228 6.5847 6.4537 6.3297 6.2127 6.1038 6.0048 5.9179 5.8453 5.789 5.7504 5.7296 5.7257 5.7368 5.76 5.7919 5.8292 5.8694 5.9112 5.9548 6.0017 6.0543 6.1161 6.1901 6.2774 6.377 6.4846 6.5933 6.6947 6.7806 6.8441 6.8812 6.8905 6.8741 6.8367 6.7855 6.7287 6.6747 6.6302 6.5997 6.584 6.5805 6.5835 6.5855 6.5789 6.5583 6.5211 6.4694 6.4087 6.347 6.2931 6.2544 6.2356 6.2378
6.8968 7.1489 7.3731 7.5696 7.7338 7.8603 7.9459 7.9915 8.0006 7.9797 7.9358 7.8752 7.802 7.7168 7.6174 7.4998 7.3623 7.2057 7.0356 6.8601 6.6897 6.5327 6.394 6.275 6.1747 6.0902 6.0177 5.9554 5.9025 5.8588 5.8247 5.8021 5.7924 5.7965 5.814 5.8436 5.8826 5.9276 5.9752 6.023 6.0698 6.116 6.1634 6.2149 6.274 6.3437 6.4251 6.5166 6.6139 6.7101 6.7968 6.8657 6.9105 6.9273 6.9157 6.8785 6.821 6.7507 6.676 6.6049 6.5438 6.4969 6.4648 6.4448 6.4313 6.4169 6.3939 6.3569 6.3033 6.2352 6.1581 6.0807 6.0124 5.9613 5.9327 5.9279
6.789 7.0316 7.2364 7.4115 7.5597 7.6816 7.7765 7.8431 7.8792 7.8847 7.861 7.8102 7.7331 7.6281 7.4916 7.3201 7.1161 6.8885 6.6527 6.4252 6.2228 6.0555 5.9269 5.8349 5.7753 5.7414 5.7258 5.7233 5.7299 5.7425 5.7589 5.7802 5.8077 5.8427 5.8854 5.9355 5.9912 6.0495 6.1075 6.1631 6.2153 6.2649 6.3137 6.3651 6.4223 6.4884 6.5641 6.648 6.7353 6.8192 6.8914 6.9439 6.9705 6.968 6.9365 6.8794 6.8028 6.7144 6.6224 6.5345 6.457 6.3936 6.3449 6.3081 6.2778 6.2468 6.2077 6.155 6.086 6.0027 5.9107 5.8189 5.7372 5.6746 5.637 5.6261
6.658 6.8677 7.0281 7.1581 7.273 7.384 7.4946 7.5997 7.6865 7.7428 7.7592 7.7301 7.6512 7.5185 7.3285 7.0812 6.7875 6.469 6.1541 5.8689 5.635 5.4616 5.3479 5.2868 5.2704 5.2893 5.3333 5.3949 5.4676 5.545 5.6223 5.6988 5.7751 5.8515 5.9282 6.0053 6.0821 6.1562 6.2258 6.2899 6.3484 6.4021 6.4532 6.505 6.5609 6.6238 6.6941 6.7703 6.8477 6.9196 6.9778 7.0147 7.0243 7.0039 6.9541 6.8787 6.7842 6.6786 6.57 6.4659 6.3722 6.2924 6.2269 6.1732 6.1262 6.079 6.0245 5.9573 5.8748 5.7782 5.6734 5.5691 5.4758 5.4032 5.358 5.3424
6.4878 6.6369 6.725 6.7852 6.85 6.9451 7.0794 7.2425 7.4068 7.5421 7.6228 7.6317 7.5573 7.3935 7.139 6.8011 6.4032 5.9838 5.5863 5.2462 4.9867 4.8133 4.7177 4.6861 4.7073 4.7705 4.8651 4.9829 5.1162 5.2568 5.3973 5.5356 5.6704 5.8 5.9229 6.0383 6.145 6.2414 6.3268 6.402 6.4682 6.5271 6.5813 6.6343 6.6895 6.7493 6.8144 6.883 6.9507 7.0109 7.056 7.0785 7.0729 7.0366 6.9703 6.8785 6.7676 6.6459 6.5215 6.4017 6.2921 6.196 6.114 6.0436 5.9803 5.9176 5.8491 5.7693 5.6753 5.5681 5.453 5.3388 5.2362 5.1557 5.1048 5.0863
6.2577 6.3223 6.317 6.2909 6.2956 6.3729 6.538 6.7745 7.0381 7.2772 7.4459 7.5122 7.455 7.2664 6.9495 6.5223 6.0235 5.5101 5.0404 4.6571 4.3816 4.2125 4.1324 4.1205 4.1627 4.2493 4.3718 4.5233 4.6972 4.885 5.0788 5.2752 5.4714 5.6628 5.8441 6.0118 6.1621 6.2924 6.4023 6.4944 6.5718 6.6378 6.6963 6.7513 6.8063 6.8636 6.9238 6.9851 7.0435 7.093 7.1262 7.1362 7.1175 7.0675 6.9873 6.881 6.7556 6.6192 6.48 6.3452 6.2203 6.1086 6.0105 5.924 5.8449 5.7675 5.6857 5.5944 5.4907 5.3753 5.2531 5.1323 5.024 4.9387 4.8846 4.8654
5.9507 5.9202 5.8174 5.7064 5.6558 5.7211 5.923 6.2394 6.6112 6.9657 7.2368 7.3757 7.3517 7.155 6.794 6.2986 5.7224 5.1386 4.6167 4.2038 3.9173 3.7491 3.6737 3.6652 3.7076 3.7932 3.9161 4.0722 4.2571 4.4647 4.6885 4.9265 5.175 5.4272 5.6735 5.9056 6.1147 6.2942 6.4415 6.56 6.6545 6.731 6.7954 6.8535 6.9092 6.9648 7.0208 7.0756 7.1258 7.1658 7.1888 7.1883 7.1589 7.098 7.0064 6.8883 6.7504 6.6011 6.4485 6.2999 6.1608 6.0344 5.9213 5.8195 5.7251 5.6323 5.536 5.4313 5.3167 5.1931 5.0661 4.9433 4.8349 4.7505 4.6982 4.6815
5.5663 5.4506 5.2712 5.1016 5.0204 5.0901 5.3331 5.7234 6.1923 6.6528 7.0223 7.2382 7.2609 7.0789 6.7055 6.1802 5.5674 4.9493 4.401 3.9698 3.6697 3.4881 3.397 3.3689 3.3881 3.4486 3.5467 3.6802 3.8465 4.0428 4.2665 4.5192 4.7992 5.0997 5.4082 5.7111 5.9918 6.2363 6.4361 6.5929 6.7124 6.8037 6.8762 6.9386 6.9959 7.051 7.1039 7.1537 7.197 7.2292 7.244 7.2353 7.1978 7.1288 7.0286 6.9012 6.7534 6.5934 6.4294 6.2688 6.1171 5.9776 5.8511 5.7353 5.6255 5.5132 5.3941 5.2643 5.1291 4.992 4.8631 4.7472 4.6527 4.5816 4.5404 4.5311
5.1295 4.9575 4.7432 4.5622 4.4921 4.5919 4.8799 5.3277 5.8644 6.3988 6.8411 7.1211 7.1943 7.0474 6.6967 6.1865 5.5846 4.9729 4.4242 3.9825 3.6597 3.4439 3.3112 3.2387 3.2137 3.2315 3.289 3.383 3.5107 3.6717 3.8679 4.1061 4.39 4.7172 5.0748 5.4454 5.8032 6.1236 6.3884 6.5939 6.7453 6.8554 6.9379 7.0056 7.0658 7.1216 7.173 7.2192 7.2575 7.2837 7.2924 7.2778 7.2346 7.16 7.054 6.9202 6.7651 6.597 6.4241 6.2538 6.0917 5.9412 5.8035 5.675 5.5496 5.4111 5.2534 5.073 4.8916 4.7216 4.5879 4.4909 4.4354 4.4041 4.3951 4.4039
4.6879 4.5 4.3028 4.1659 4.1541 4.3124 4.6482 5.1311 5.6954 6.2572 6.7304 7.0464 7.1611 7.0608 6.7621 6.3083 5.7625 5.1963 4.6724 4.2275 3.8726 3.6011 3.4005 3.2588 3.1703 3.1322 3.1405 3.1884 3.2699 3.3839 3.5355 3.7377 4.0018 4.333 4.7221 5.1494 5.5805 5.9784 6.3123 6.571 6.7578 6.8887 6.9822 7.0561 7.12 7.1777 7.2292 7.2734 7.3084 7.3305 7.335 7.3164 7.2697 7.1919 7.0825 6.9449 6.7854 6.6119 6.4327 6.2553 6.0853 5.9261 5.7791 5.6397 5.4989 5.3279 5.1152 4.8139 4.514 4.2463 4.1441 4.1198 4.1716 4.2085 4.2537 4.2911
4.3038 4.1408 4.0091 3.9659 4.0536 4.2947 4.679 5.1741 5.7241 6.2618 6.7158 7.0288 7.1631 7.1067 6.8745 6.5036 6.0456 5.5546 5.0768 4.6379 4.2484 3.9098 3.6247 3.3971 3.2317 3.1299 3.0858 3.0881 3.1251 3.1927 3.2967 3.4555 3.6884 4.0091 4.414 4.8829 5.3738 5.8383 6.2332 6.5396 6.7586 6.9086 7.0129 7.0933 7.1617 7.2223 7.2749 7.3187 7.3518 7.3714 7.3733 7.3524 7.304 7.2248 7.1142 6.9751 6.8135 6.6371 6.4542 6.2721 6.0965 5.9308 5.7764 5.6274 5.4721 5.2684 4.9956 4.5208 3.7279 3.2293 3.1131 3.48 3.7644 3.9606 4.1107 4.1842
4.0373 3.9307 3.8968 3.9766 4.1858 4.5195 4.9474 5.4338 5.9349 6.4056 6.7965 7.0687 7.196 7.1703 7.0033 6.7233 6.3667 5.9667 5.5498 5.1296 4.7142 4.3127 3.9428 3.6254 3.3777 3.2071 3.1081 3.0659 3.063 3.0915 3.1566 3.2796 3.4855 3.7948 4.2077 4.7035 5.2342 5.7431 6.1788 6.5172 6.7579 6.9218 7.0347 7.1214 7.1946 7.2588 7.3134 7.3577 7.3902 7.4086 7.4092 7.3874 7.3386 7.2596 7.1494 7.0107 6.849 6.6719 6.4873 6.3026 6.1233 5.9526 5.7921 5.6347 5.4667 5.2375 4.9165 4.2868 3.0313 0 1.6989 2.4311 3.125 3.7441 3.9828 4.0837
3.9302 3.8957 3.9689 4.174 4.5003 4.9168 5.3741 5.8336 6.2633 6.6411 6.9419 7.148 7.2463 7.2336 7.1182 6.9189 6.6571 6.3475 5.9985 5.612 5.1917 4.7512 4.3175 3.9249 3.6019 3.3638 3.2079 3.12 3.0804 3.0786 3.1187 3.2229 3.4175 3.7245 4.1441 4.6531 5.1994 5.7231 6.1706 6.5176 6.7645 6.9337 7.0521 7.1442 7.2224 7.2905 7.3477 7.3933 7.4261 7.4442 7.4446 7.423 7.375 7.2973 7.1889 7.052 6.8918 6.7156 6.5312 6.3456 6.164 5.9895 5.8235 5.6587 5.4808 5.2383 4.8947 4.234 2.8623 0 0 0 2.8299 3.586 3.881 3.9922
3.9864 4.0262 4.1944 4.5006 4.9135 5.3823 5.8454 6.2633 6.615 6.8971 7.1058 7.2412 7.3019 7.2889 7.2078 7.0698 6.8843 6.6529 6.3707 6.0305 5.6311 5.1855 4.7232 4.285 3.9061 3.6093 3.3976 3.2622 3.1859 3.1598 3.1879 3.2906 3.4911 3.8067 4.2326 4.7405 5.2771 5.7841 6.2132 6.5446 6.7818 6.9478 7.0683 7.1649 7.2478 7.3198 7.3798 7.4271 7.4609 7.4797 7.4808 7.4603 7.4142 7.339 7.2334 7.0995 6.9422 6.7685 6.5858 6.4007 6.2181 6.0407 5.8694 5.6979 5.5131 5.2709 4.9349 4.3741 3.374 2.2269 0 2.0348 2.9054 3.5923 3.8234 3.9197
4.174 4.2827 4.523 4.893 5.3491 5.8308 6.2733 6.64 6.9188 7.1192 7.252 7.3287 7.3553 7.3358 7.2738 7.1751 7.0422 6.8698 6.6462 6.3595 6.0037 5.5883 5.1383 4.6929 4.288 3.9514 3.6929 3.5123 3.4001 3.3532 3.3768 3.4884 3.7039 4.0309 4.456 4.9455 5.4472 5.9099 6.2957 6.5926 6.8083 6.9649 7.0849 7.1852 7.2724 7.348 7.4108 7.4601 7.4953 7.5155 7.5182 7.5 7.4567 7.3849 7.2834 7.1538 7.0008 6.8312 6.6518 6.4689 6.2866 6.1071 5.9309 5.7532 5.5635 5.3313 5.0265 4.6036 4.0414 3.2881 2.9466 2.9808 3.4217 3.6751 3.8086 3.871
4.4388 4.6073 4.8938 5.2885 5.7445 6.2021 6.6027 6.9156 7.136 7.2794 7.3631 7.4028 7.4077 7.3826 7.3304 7.2537 7.1519 7.0184 6.8405 6.6056 6.3055 5.945 5.5412 5.1254 4.7287 4.3794 4.0924 3.8774 3.7349 3.6702 3.6913 3.8119 4.0386 4.3673 4.7759 5.2267 5.6719 6.0709 6.3986 6.6514 6.8401 6.9849 7.1031 7.206 7.2969 7.3756 7.4409 7.4923 7.5295 7.5517 7.5568 7.5417 7.5023 7.4351 7.3389 7.2151 7.0682 6.9044 6.7303 6.5513 6.3709 6.1906 6.0104 5.8271 5.6337 5.414 5.1488 4.8374 4.4696 4.1357 3.8748 3.7849 3.7759 3.8191 3.8362 3.8522
4.7222 4.9402 5.2506 5.6399 6.065 6.475 6.8234 7.0877 7.2678 7.3798 7.4411 7.4661 7.4633 7.4372 7.39 7.3235 7.2366 7.1247 6.9782 6.7874 6.5441 6.2495 5.9123 5.5535 5.1955 4.863 4.5736 4.3438 4.1843 4.1078 4.1253 4.246 4.4684 4.7786 5.1483 5.5397 5.9129 6.2387 6.5041 6.712 6.8745 7.0077 7.1236 7.2283 7.3218 7.403 7.4705 7.5239 7.5632 7.5879 7.5962 7.585 7.5506 7.4893 7.3999 7.2836 7.1446 6.9887 6.822 6.649 6.4725 6.2932 6.1105 5.9226 5.7259 5.5146 5.2807 5.0258 4.7615 4.5137 4.3003 4.1362 4.0182 3.9408 3.8896 3.8631
4.9745 5.2311 5.5497 5.9159 6.2955 6.6508 6.9495 7.1773 7.3363 7.4395 7.4998 7.5274 7.5283 7.5061 7.4628 7.4006 7.3196 7.2182 7.0913 6.933 6.7379 6.5051 6.2376 5.9469 5.6465 5.3552 5.0894 4.869 4.7101 4.6305 4.6421 4.7508 4.9491 5.2177 5.5275 5.8445 6.139 6.3926 6.6008 6.7698 6.9106 7.0344 7.148 7.2532 7.3481 7.4308 7.4998 7.5549 7.5963 7.6238 7.6359 7.6295 7.601 7.547 7.4659 7.3589 7.2298 7.084 6.9268 6.762 6.5916 6.4152 6.2321 6.0411 5.8414 5.6329 5.415 5.1906 4.9637 4.7434 4.5362 4.3507 4.1903 4.0605 3.9634 3.9048
5.1652 5.4505 5.7695 6.1094 6.4464 6.7556 7.0176 7.2243 7.3778 7.4861 7.557 7.5956 7.6054 7.5892 7.5497 7.4895 7.4106 7.314 7.1986 7.0624 6.9027 6.719 6.5114 6.2852 6.0472 5.8097 5.5861 5.3949 5.2533 5.1792 5.1839 5.27 5.4282 5.6389 5.8767 6.1153 6.3348 6.525 6.6868 6.8259 6.9507 7.0672 7.1782 7.2825 7.3772 7.46 7.5297 7.586 7.6293 7.6597 7.6758 7.6749 7.6533 7.6077 7.5365 7.4404 7.3231 7.1892 7.0434 6.8888 6.7263 6.5551 6.3737 6.1814 5.9793 5.7696 5.5554 5.3395 5.1241 4.9115 4.7044 4.5078 4.3281 4.1734 4.0529 3.9745
5.2884 5.593 5.9099 6.2291 6.5355 6.8151 7.0571 7.2571 7.4157 7.5362 7.6213 7.6727 7.6921 7.6819 7.6456 7.5869 7.5092 7.4152 7.3065 7.1839 7.0473 6.8974 6.7341 6.5596 6.3769 6.1932 6.018 5.8655 5.7504 5.6873 5.6849 5.7443 5.8567 6.0062 6.1738 6.3417 6.4985 6.6395 6.7669 6.8849 6.998 7.1085 7.216 7.3178 7.4106 7.4921 7.5613 7.618 7.6628 7.6959 7.7162 7.7212 7.7073 7.6712 7.611 7.5273 7.4231 7.3026 7.1697 7.0267 6.8738 6.7095 6.5319 6.3403 6.1367 5.9249 5.7091 5.4927 5.2776 5.0646 4.8549 4.6522 4.4629 4.2962 4.1622 4.0701
5.3535 5.6697 5.9852 6.2927 6.5834 6.8498 7.0862 7.2894 7.4582 7.5921 7.6905 7.7528 7.78 7.7745 7.7406 7.683 7.606 7.5139 7.4096 7.2956 7.1736 7.0454 6.9117 6.7739 6.6337 6.4952 6.3641 6.2499 6.1625 6.1119 6.1037 6.1381 6.2088 6.305 6.4149 6.528 6.6386 6.7449 6.8485 6.9516 7.0556 7.16 7.2626 7.3601 7.4493 7.5281 7.5955 7.6517 7.6974 7.7329 7.7574 7.7685 7.7627 7.7368 7.6887 7.6184 7.5284 7.4221 7.3029 7.1725 7.0303 6.8741 6.7018 6.5125 6.3089 6.0953 5.8769 5.6578 5.4402 5.2244 5.0114 4.8039 4.6081 4.4329 4.2888 4.1855
5.3763 5.6991 6.0149 6.3184 6.6047 6.8695 7.1091 7.3204 7.5005 7.6465 7.7557 7.8265 7.8593 7.8571 7.8249 7.7681 7.6922 7.6021 7.5017 7.3941 7.282 7.1678 7.053 6.9395 6.8285 6.7227 6.6254 6.5417 6.4773 6.4376 6.4255 6.441 6.4805 6.5381 6.6076 6.6839 6.7643 6.8482 6.9361 7.0282 7.1241 7.2216 7.3178 7.4095 7.4936 7.5682 7.6327 7.6875 7.7334 7.771 7.7995 7.8167 7.8194 7.8042 7.7686 7.7122 7.6368 7.5452 7.4402 7.3227 7.1916 7.0444 6.8782 6.6925 6.4899 6.2753 6.0548 5.8329 5.6122 5.3931 5.1763 4.9642 4.7625 4.5797 4.4261 4.3114
5.3708 5.6982 6.0164 6.3217 6.6107 6.8801 7.1268 7.3472 7.5372 7.6925 7.8093 7.8857 7.922 7.9218 7.8907 7.835 7.7608 7.6737 7.5778 7.4767 7.3732 7.2697 7.1684 7.071 6.9791 6.8947 6.8198 6.7569 6.7086 6.6769 6.663 6.6668 6.6868 6.7208 6.7661 6.8207 6.8833 6.9534 7.0305 7.1139 7.2017 7.2915 7.3803 7.4648 7.5425 7.6118 7.6725 7.7251 7.7707 7.8099 7.8421 7.8654 7.8766 7.8721 7.8493 7.807 7.7463 7.6694 7.5785 7.4738 7.354 7.2157 7.0561 6.8743 6.6732 6.4581 6.2356 6.0107 5.7864 5.5635 5.3423 5.125 4.917 4.7262 4.5622 4.4341
5.351 5.682 6.0036 6.3131 6.6073 6.8832 7.1375 7.3658 7.5634 7.725 7.8466 7.9258 7.9637 7.9643 7.9339 7.8797 7.8081 7.7251 7.635 7.5414 7.447 7.354 7.2644 7.1796 7.1012 7.0307 6.9695 6.9191 6.8803 6.8538 6.8399 6.8386 6.8494 6.8717 6.9048 6.9478 7.0003 7.0614 7.1303 7.2057 7.2855 7.367 7.4474 7.5238 7.5943 7.6576 7.7139 7.7638 7.8087 7.8493 7.885 7.9141 7.9335 7.9396 7.9293 7.9009 7.8547 7.7924 7.7152 7.623 7.5139 7.3843 7.2309 7.0528 6.853 6.6371 6.412 6.1833 5.9543 5.7261 5.4992 5.2756 5.0604 4.8606 4.6839 4.5356
5.327 5.661 5.9851 6.2983 6.5974 6.8791 7.1396 7.3741 7.5768 7.7423 7.866 7.9461 7.9839 7.9844 7.9546 7.9021 7.834 7.7563 7.6732 7.5883 7.5041 7.4223 7.3445 7.2717 7.205 7.1453 7.0938 7.0514 7.0187 6.9961 6.9837 6.9813 6.9891 7.0067 7.034 7.0708 7.1166 7.1709 7.2327 7.3004 7.372 7.4448 7.5164 7.5843 7.6471 7.704 7.7557 7.8029 7.847 7.8888 7.9278 7.9623 7.9895 8.0055 8.0072 7.9921 7.9601 7.9117 7.8477 7.7674 7.6683 7.5465 7.3986 7.2235 7.0242 6.8066 6.5778 6.3437 6.1082 5.8727 5.6379 5.406 5.182 4.9714 4.7788 4.601
