data/Petrone_etal_2016/Sediment_thickness/tbl_sed_thick_glacial_dep_utm22n.asc
ncols         541
nrows         475
xllcorner     534622.5
yllcorner     7445082.5
cellsize      5
NODATA_value  -9999
[rows 165 to 197 of 475, columns 228 to 303 of 541]
-9999 -9999 -9999 -9999 4.095 3.6852 3.3721 3.1683 3.0573 3.0124 3.0007 3 3 3 3 3 3 3 3 3 3.0002 3.0004 3.0006 3.0008 3.0003 2.9991 2.9969 2.9933 2.9875 2.9739 2.9427 2.8724 2.7459 2.521 2.078 1.67 1.4942 1.5985 1.6914 1.6054 1.4338 1.2659 1.1635 1.0782 0.84848 0 1.5012 2.3058 2.8778 3.3233 3.7481 4.1122 4.4612 4.7994 5.1402 5.4831 5.8268 6.1678 6.5021 6.8254 7.1326 7.4183 7.6776 7.9069 8.1047 8.272 8.4124 8.5306 8.6315 8.7193 8.797 8.8663 8.9284 8.9842 9.0351 9.0833
-9999 -9999 -9999 -9999 4.1379 3.7225 3.4003 3.1863 3.0667 3.016 3.0014 3 3 3 3 3 3 3 3.0001 3.0003 3.0008 3.0017 3.003 3.0042 3.0045 3.0035 3.0005 2.9949 2.9842 2.9582 2.9013 2.7847 2.5893 2.2478 1.6496 0 0 0.94461 1.1793 1.1573 0.95756 0.76947 0.71557 0.67066 0.63963 0 1.8022 2.6819 3.2314 3.6333 4.0062 4.3485 4.6833 5.0136 5.3462 5.6798 6.0124 6.3409 6.6617 6.9708 7.2635 7.5347 7.7797 7.9953 8.1802 8.3359 8.4657 8.5747 8.6677 8.7491 8.8218 8.8872 8.9464 8.9999 9.0489 9.0953
-9999 -9999 -9999 -9999 4.1931 3.7713 3.4377 3.2105 3.0797 3.021 3.0026 3 3 3 3 3 3 3 3.0003 3.001 3.0026 3.0053 3.0089 3.0129 3.0157 3.0163 3.0137 3.0063 2.9897 2.9467 2.8538 2.6579 2.3524 1.8991 1.1815 0.52698 0 0 0.71174 0.66886 0 0 0 0 0 1.5484 2.3275 3.0512 3.5435 3.9212 4.2668 4.5894 4.9094 5.229 5.5507 5.8723 6.1917 6.506 6.8121 7.1061 7.3837 7.6401 7.8711 8.0735 8.2465 8.3916 8.5124 8.6136 8.7003 8.7766 8.8453 8.9078 8.9647 9.0164 9.0637 9.1081
-9999 -9999 -9999 -9999 4.2541 3.8256 3.4799 3.2382 3.0947 3.0269 3.0041 3 3 3 3 3 3 3.0001 3.0008 3.0026 3.0063 3.0125 3.0209 3.0301 3.0381 3.0426 3.0423 3.0345 3.0129 2.9533 2.8247 2.5518 1.9926 1.3626 0.7171 0 0 0.24141 0.41996 0 0 0 0 0 1.4446 2.224 2.9417 3.4358 3.8543 4.2038 4.5258 4.8324 5.1384 5.4457 5.7543 6.062 6.3667 6.6657 6.9561 7.2345 7.4968 7.7385 7.9555 8.1453 8.3072 8.4428 8.5556 8.6505 8.7321 8.8045 8.8701 8.9303 8.9856 9.0359 9.0818 9.1242
-9999 -9999 -9999 -9999 -9999 3.8775 3.5204 3.2648 3.1094 3.0327 3.0055 3 3 3 3 3 3 3.0003 3.0017 3.0054 3.0129 3.0248 3.0407 3.0586 3.0749 3.0864 3.0911 3.0854 3.0616 2.9892 2.8322 2.474 1.7833 0 0 0 0 0.14219 0 0.68594 1.0086 1.1909 1.3545 1.7492 2.2916 2.9161 3.4028 3.8113 4.1654 4.4847 4.7854 5.0778 5.3704 5.664 5.9582 6.2508 6.5397 6.8227 7.0972 7.3598 7.6066 7.8335 8.0368 8.2143 8.3656 8.4924 8.5983 8.6877 8.7653 8.8345 8.8979 8.9565 9.0105 9.0599 9.1047 9.1456
-9999 -9999 -9999 -9999 -9999 3.9143 3.5491 3.2839 3.1199 3.0369 3.0066 3 3 3 3 3 3 3.0006 3.0032 3.01 3.0229 3.0433 3.07 3.0999 3.1278 3.1494 3.1618 3.1614 3.1399 3.066 2.9031 2.5345 1.6542 0.76662 0 0 0 0 0 1.3455 1.8669 2.1557 2.4021 2.7057 3.0744 3.4577 3.8296 4.1645 4.4759 4.7669 5.0484 5.3266 5.6053 5.8846 6.1635 6.4402 6.7129 6.9797 7.238 7.4846 7.716 7.9281 8.1178 8.2831 8.4241 8.5425 8.642 8.7268 8.8009 8.8677 8.9294 8.9868 9.0401 9.0889 9.1331 9.173
-9999 -9999 -9999 -9999 -9999 3.9275 3.5595 3.2908 3.1238 3.0385 3.0069 3 3 3 3 3 3.0001 3.0012 3.0056 3.0167 3.0371 3.0684 3.1088 3.1537 3.1961 3.2301 3.2526 3.2604 3.2461 3.1816 3.0348 2.6913 1.9992 0 0 0 0 1.0764 1.6056 2.105 2.5719 2.8718 3.1113 3.3634 3.6333 3.9217 4.2155 4.503 4.7802 5.0488 5.3139 5.5782 5.8427 6.1071 6.3702 6.6307 6.8871 7.1375 7.3796 7.6104 7.8263 8.0237 8.1997 8.3529 8.4836 8.594 8.6875 8.768 8.8392 8.9041 8.9645 9.0211 9.074 9.1226 9.1667 9.2061
-9999 -9999 -9999 -9999 -9999 3.9121 3.5476 3.283 3.1196 3.0368 3.0066 3 3 3 3 3 3.0002 3.0022 3.0093 3.026 3.0557 3.1001 3.1564 3.2183 3.2765 3.3244 3.3584 3.3765 3.374 3.3305 3.2224 2.9855 2.4668 1.9546 1.5689 1.5313 1.7384 2.0908 2.5144 2.8563 3.1403 3.3954 3.6171 3.8408 4.0727 4.3174 4.5697 4.8239 5.0774 5.3291 5.5801 5.8307 6.0809 6.3301 6.5774 6.8217 7.0617 7.2959 7.5219 7.7369 7.9373 8.12 8.2824 8.4235 8.5442 8.6467 8.7344 8.811 8.8797 8.943 9.0024 9.0585 9.1112 9.1599 9.2041 9.2436
-9999 -9999 -9999 -9999 -9999 3.8711 3.516 3.2625 3.1085 3.0325 3.0055 3 3 3 3 3 3.0005 3.0037 3.0143 3.0377 3.0782 3.1372 3.2106 3.29 3.3645 3.4265 3.4726 3.5024 3.5144 3.4965 3.4347 3.2956 3.0974 2.8752 2.721 2.6832 2.7745 2.9642 3.1884 3.4195 3.6306 3.8357 4.0337 4.2358 4.4454 4.6662 4.8953 5.1302 5.3677 5.606 5.8441 6.0814 6.3174 6.5515 6.783 7.0112 7.235 7.453 7.6631 7.8624 8.0476 8.2157 8.3646 8.4938 8.6047 8.6996 8.7819 8.8549 8.9214 8.9835 9.0422 9.0979 9.1506 9.1995 9.2441 9.284
-9999 -9999 -9999 -9999 4.2354 3.8108 3.4703 3.2331 3.0928 3.0265 3.0041 3 3 3 3 3 3.0009 3.0058 3.0205 3.0516 3.1039 3.1781 3.2687 3.3653 3.4554 3.5309 3.5891 3.6312 3.6587 3.6681 3.6535 3.61 3.5442 3.4729 3.4215 3.4133 3.46 3.5593 3.6961 3.8559 4.0254 4.2016 4.3833 4.5744 4.775 4.9852 5.203 5.4259 5.6516 5.8779 6.1036 6.3277 6.5495 6.7686 6.9845 7.1968 7.4047 7.6067 7.8011 7.9849 8.155 8.3088 8.4446 8.5624 8.6638 8.7515 8.8288 8.8987 8.9633 9.0243 9.0825 9.1381 9.1908 9.24 9.2851 9.3256
-9999 -9999 -9999 -9999 4.1541 3.7415 3.4188 3.2007 3.076 3.0201 3.0026 3 3 3 3 3 3.0014 3.0082 3.0276 3.0669 3.1312 3.2204 3.3277 3.4403 3.5449 3.6332 3.7031 3.7575 3.8005 3.8336 3.8555 3.864 3.861 3.8535 3.8535 3.8731 3.9205 3.9977 4.102 4.229 4.3737 4.5338 4.7069 4.8923 5.0877 5.2913 5.5007 5.714 5.9289 6.1436 6.3568 6.5675 6.7751 6.9793 7.1798 7.3763 7.5683 7.7547 7.9335 8.1021 8.2576 8.3975 8.5207 8.6277 8.7203 8.8014 8.8743 8.9413 9.0043 9.0646 9.1225 9.178 9.2309 9.2805 9.3261 9.3671
-9999 -9999 -9999 -9999 4.0684 3.6705 3.3676 3.1693 3.0603 3.0145 3.0014 3 3 3 3 3 3.0019 3.0108 3.0349 3.0823 3.1582 3.2617 3.3844 3.5117 3.6298 3.7302 3.8119 3.8788 3.9369 3.9903 4.0399 4.0839 4.1211 4.1532 4.185 4.2232 4.275 4.3459 4.439 4.5551 4.6926 4.8485 5.0195 5.2022 5.3935 5.591 5.7924 5.9958 6.1997 6.4024 6.6027 6.7997 6.9929 7.1821 7.3672 7.5482 7.7245 7.8953 8.0589 8.2126 8.3539 8.4806 8.5919 8.6888 8.7734 8.8487 8.9176 8.9823 9.0441 9.1038 9.1614 9.217 9.27 9.32 9.366 9.4077
-9999 -9999 -9999 -9999 3.9816 3.601 3.3193 3.1408 3.0469 3.01 3.0007 3 3 3 3 3 3.0025 3.0132 3.0417 3.0962 3.1826 3.2988 3.4354 3.5762 3.7072 3.8197 3.9138 3.9937 4.0666 4.1372 4.2066 4.2727 4.3335 4.3891 4.4423 4.4983 4.5634 4.6434 4.7425 4.8626 5.0027 5.1599 5.3306 5.5108 5.6971 5.8873 6.0793 6.272 6.4639 6.6539 6.8407 7.0238 7.2024 7.3766 7.5463 7.7117 7.8725 8.028 8.1764 8.3157 8.4432 8.5574 8.6578 8.7455 8.823 8.8933 8.9588 9.0215 9.0822 9.1414 9.1989 9.2545 9.3076 9.3578 9.4043 9.4463
-9999 -9999 -9999 -9999 3.8925 3.5325 3.2739 3.1153 3.0359 3.0067 3.0002 3 3 3 3 3 3.0029 3.0152 3.0472 3.1077 3.2028 3.3298 3.4788 3.6321 3.7757 3.9008 4.008 4.1018 4.1898 4.2767 4.3637 4.4484 4.5284 4.6035 4.6758 4.7496 4.8309 4.9249 5.0357 5.1648 5.311 5.4712 5.6415 5.8183 5.9983 6.1798 6.3614 6.5423 6.7215 6.8981 7.0711 7.2398 7.4038 7.5629 7.7172 7.8671 8.0124 8.1525 8.2861 8.4112 8.5257 8.6281 8.7185 8.7982 8.8695 8.9354 8.9981 9.059 9.1188 9.1774 9.2346 9.29 9.3432 9.3935 9.4402 9.4824
-9999 -9999 -9999 4.217 3.7983 3.4635 3.2304 3.0924 3.0267 3.0043 3 3 3 3 3 3 3.0032 3.0166 3.0512 3.1161 3.2179 3.3538 3.5135 3.6785 3.8345 3.9729 4.0941 4.2026 4.3062 4.4094 4.5133 4.6154 4.7137 4.8076 4.8991 4.9923 5.092 5.2028 5.3277 5.4675 5.6203 5.7831 5.952 6.1238 6.2962 6.4678 6.638 6.8064 6.9723 7.1351 7.294 7.4482 7.5973 7.7412 7.8802 8.0145 8.1444 8.2693 8.3883 8.4997 8.6017 8.6934 8.7748 8.8474 8.9136 8.9757 9.0359 9.0952 9.1538 9.2117 9.2683 9.3234 9.3763 9.4265 9.4731 9.5153
-9999 -9999 -9999 4.0885 3.6969 3.3932 3.1887 3.0719 3.0193 3.0026 3 3 3 3 3 3 3.0034 3.0174 3.0537 3.1216 3.2283 3.3711 3.5398 3.7155 3.8839 4.0359 4.1718 4.2957 4.4152 4.5351 4.6562 4.7762 4.8933 5.007 5.1189 5.2325 5.3518 5.4803 5.6198 5.7702 5.9292 6.0936 6.2599 6.4256 6.5891 6.75 6.908 7.0634 7.2158 7.3646 7.5092 7.6488 7.7831 7.9119 8.0355 8.1544 8.2689 8.3789 8.4836 8.5819 8.6723 8.7541 8.8276 8.8942 8.9559 9.0149 9.0729 9.1304 9.1877 9.2444 9.3002 9.3544 9.4068 9.4565 9.5028 9.5448
-9999 -9999 -9999 3.9413 3.5869 3.3213 3.1486 3.0536 3.0132 3.0014 3 3 3 3 3 3 3.0035 3.0178 3.0548 3.1245 3.2344 3.3824 3.5584 3.7439 3.9242 4.0898 4.2407 4.3803 4.5162 4.6529 4.7914 4.9297 5.0662 5.2003 5.3335 5.4683 5.608 5.7546 5.9089 6.0696 6.2341 6.3991 6.5619 6.7205 6.8745 7.024 7.1696 7.3118 7.4505 7.5854 7.7157 7.8408 7.9603 8.0742 8.1827 8.2863 8.3858 8.4813 8.5724 8.6584 8.7381 8.8111 8.8778 8.9392 8.9971 9.0534 9.1091 9.1648 9.2205 9.2758 9.3302 9.3833 9.4347 9.4836 9.5293 9.5708
-9999 -9999 -9999 3.7774 3.4703 3.2494 3.1112 3.0379 3.0084 3.0006 3 3 3 3 3 3 3.0034 3.0178 3.055 3.1255 3.2373 3.3889 3.5709 3.7649 3.9564 4.1354 4.3011 4.4565 4.6089 4.7624 4.9185 5.0753 5.2315 5.3865 5.5413 5.6978 5.8579 6.0226 6.1912 6.3616 6.5309 6.6958 6.8542 7.0051 7.1491 7.287 7.4201 7.5492 7.6745 7.7955 7.9117 8.0224 8.1274 8.2265 8.3202 8.4092 8.4943 8.5761 8.6546 8.7293 8.7995 8.8648 8.9255 8.9826 9.0373 9.091 9.1446 9.1983 9.2521 9.3057 9.3585 9.4102 9.4603 9.5082 9.5531 9.5939
-9999 -9999 3.9345 3.6046 3.353 3.1809 3.0777 3.0251 3.005 3.0002 3 3 3 3 3 3 3.0034 3.0176 3.0546 3.1251 3.2378 3.3918 3.5784 3.7799 3.9816 4.1733 4.3534 4.5245 4.693 4.8634 5.037 5.2124 5.3883 5.5641 5.7405 5.9183 6.0984 6.2803 6.4623 6.6416 6.8148 6.9788 7.1323 7.2753 7.409 7.5354 7.6561 7.7723 7.8843 7.9918 8.0941 8.1908 8.2815 8.3664 8.446 8.5212 8.593 8.6623 8.7294 8.7942 8.856 8.9147 8.9704 9.0237 9.0755 9.1269 9.1784 9.2302 9.282 9.3337 9.3848 9.4349 9.4837 9.5305 9.5746 9.6147
4.468 4.0582 3.7101 3.4376 3.2444 3.1206 3.05 3.0155 3.0028 3 3 3 3 3 3 3 3.0033 3.0172 3.0538 3.1238 3.2365 3.3917 3.5818 3.7895 4.0004 4.2039 4.3978 4.5839 4.7684 4.9552 5.146 5.3396 5.5348 5.731 5.9281 6.1262 6.3251 6.5231 6.7174 6.9044 7.0806 7.2433 7.3915 7.5264 7.65 7.7651 7.8738 7.9776 8.0767 8.171 8.2599 8.343 8.4202 8.4918 8.5583 8.621 8.6808 8.739 8.7961 8.8522 8.9068 8.9598 9.0111 9.0611 9.1103 9.1595 9.209 9.2588 9.3088 9.3587 9.4082 9.457 9.5045 9.5505 9.5938 9.6337
4.1884 3.8059 3.5062 3.2917 3.1533 3.0721 3.0289 3.0086 3.0014 3 3 3 3 3 3 3 3.0032 3.0167 3.0525 3.1215 3.2334 3.3888 3.581 3.7936 4.0124 4.2266 4.4333 4.6337 4.8333 5.0359 5.2432 5.4542 5.6678 5.8831 6.0996 6.3166 6.5327 6.7452 6.9505 7.1443 7.3229 7.4838 7.6268 7.7538 7.8678 7.9721 8.0694 8.1613 8.2482 8.33 8.4063 8.4768 8.5415 8.601 8.6559 8.7075 8.7569 8.8054 8.8538 8.9022 8.9505 8.9984 9.0457 9.0926 9.1395 9.1866 9.2343 9.2824 9.3307 9.3791 9.4273 9.4749 9.5216 9.5669 9.6101 9.6501
3.9341 3.5883 3.3389 3.1775 3.0852 3.0374 3.0144 3.0042 3.0007 3 3 3 3 3 3 3 3.0031 3.0161 3.0508 3.1183 3.2284 3.3829 3.5758 3.7917 4.0169 4.2403 4.4585 4.672 4.8855 5.1026 5.3253 5.5524 5.7829 6.0158 6.25 6.484 6.7156 6.9412 7.1564 7.3562 7.5369 7.696 7.8341 7.9537 8.0587 8.1531 8.2399 8.321 8.3968 8.4672 8.5321 8.5913 8.6451 8.694 8.739 8.781 8.8214 8.8614 8.9019 8.9433 8.9856 9.0286 9.0722 9.1162 9.1607 9.206 9.2519 9.2985 9.3454 9.3925 9.4397 9.4866 9.5329 9.5781 9.6215 9.6623
3.7181 3.4159 3.215 3.0983 3.0407 3.0158 3.0057 3.0016 3.0002 3 3 3 3 3 3 3 3.0029 3.0152 3.0482 3.1129 3.2193 3.3702 3.561 3.7778 4.0076 4.2392 4.4684 4.6945 4.9214 5.1522 5.3888 5.6304 5.8762 6.1249 6.375 6.6244 6.87 7.1075 7.3316 7.537 7.7195 7.877 8.0106 8.1235 8.2206 8.3062 8.3839 8.4556 8.5219 8.5826 8.6377 8.6875 8.7322 8.7724 8.8091 8.8431 8.8756 8.9077 8.9407 8.9751 9.0113 9.0492 9.0888 9.1297 9.1718 9.2151 9.2594 9.3045 9.3502 9.3963 9.4427 9.4891 9.5352 9.5807 9.6248 9.6669
3.5425 3.2879 3.1315 3.0502 3.0163 3.005 3.0016 3.0004 3 3 3 3 3 3 3 3 3.0026 3.0137 3.0434 3.1023 3.2008 3.3432 3.5271 3.7414 3.9745 4.2151 4.4569 4.6973 4.9384 5.1827 5.4322 5.6867 5.9461 6.2089 6.4733 6.7366 6.9951 7.2435 7.4759 7.6864 7.8706 8.0268 8.1564 8.2636 8.3537 8.432 8.5022 8.5663 8.6249 8.678 8.7255 8.7678 8.8054 8.8389 8.8689 8.8961 8.9214 8.946 8.9711 8.9979 9.0272 9.0592 9.094 9.1312 9.1706 9.2117 9.2542 9.2977 9.342 9.387 9.4326 9.4786 9.5246 9.5704 9.6153 9.659
3.4044 3.1975 3.0797 3.0249 3.0057 3.0009 3.0002 3 3 3 3 3 3 3 3 2.9999 3.0019 3.0102 3.0331 3.0789 3.1575 3.276 3.4389 3.643 3.88 4.1376 4.4044 4.6712 4.9341 5.1945 5.4562 5.7224 5.9938 6.2694 6.5469 6.8232 7.0936 7.3522 7.5923 7.8076 7.9934 8.1483 8.2743 8.3765 8.4609 8.5333 8.5976 8.656 8.7091 8.7566 8.7987 8.8357 8.8683 8.8967 8.9214 8.9426 8.961 8.9776 8.9941 9.0121 9.0331 9.0579 9.0866 9.1191 9.1548 9.1929 9.2329 9.2743 9.3169 9.3604 9.4049 9.4502 9.4959 9.5417 9.5875 9.6328
3.2954 3.1335 3.0482 3.0125 3.002 3.0001 3 3 3 3 3 3 3 3 3 2.9997 3 3.0026 3.012 3.0314 3.07 3.1421 3.2668 3.4545 3.7022 3.9938 4.3064 4.6171 4.9117 5.1914 5.4651 5.7418 6.0241 6.3115 6.6013 6.8898 7.1715 7.4397 7.687 7.9064 8.0935 8.247 8.3697 8.4675 8.5471 8.6148 8.6748 8.7292 8.7785 8.8224 8.861 8.8947 8.9238 8.9486 8.9689 8.9845 8.9958 9.0038 9.0104 9.0181 9.029 9.0445 9.0653 9.0913 9.1217 9.1554 9.1919 9.2303 9.2703 9.3118 9.3546 9.3985 9.4434 9.4889 9.535 9.5819
3.2093 3.0876 3.0284 3.0063 3.0008 3 3 3 3 3 3 3 3 3 3 2.9991 2.9961 2.988 2.9725 2.945 2.9161 2.8865 2.896 3.0061 3.2743 3.6848 4.1305 4.5385 4.8761 5.1785 5.4643 5.7508 6.0433 6.3418 6.6432 6.9433 7.2357 7.5128 7.7665 7.9895 8.1773 8.3292 8.4488 8.5426 8.6182 8.6821 8.7389 8.7906 8.8375 8.8793 8.9159 8.9476 8.9746 8.9965 9.0128 9.0228 9.0264 9.0246 9.0198 9.0152 9.0139 9.0179 9.0284 9.0451 9.0673 9.0939 9.1241 9.1574 9.1934 9.2321 9.2731 9.316 9.3602 9.4055 9.452 9.5005
3.1416 3.0544 3.0155 3.0027 3.0003 3 3 3 3 3 3 3 3 3 2.9999 2.9978 2.9893 2.9637 2.9094 2.8133 2.6751 2.4878 2.1858 2.0095 2.3611 3.1086 3.9446 4.4565 4.8381 5.1619 5.4593 5.7551 6.0572 6.3662 6.6788 6.9898 7.2921 7.5774 7.8368 8.0627 8.2508 8.4009 8.5174 8.6077 8.6798 8.7408 8.7951 8.8449 8.8903 8.9309 8.9664 8.9969 9.0221 9.0414 9.0534 9.057 9.0518 9.0388 9.021 9.0022 8.9864 8.9763 8.973 8.9763 8.9851 8.9988 9.0171 9.041 9.0709 9.1072 9.1485 9.193 9.2389 9.2857 9.3336 9.3841
3.0909 3.0318 3.0078 3.001 3.0001 3 3 3 3 3 3 3 3 3 2.9997 2.9953 2.9784 2.9278 2.8221 2.6256 2.3368 1.8715 1.3279 0 0 2.7447 3.7737 4.3848 4.8047 5.1462 5.4541 5.7587 6.0702 6.3893 6.7122 7.0333 7.3447 7.6371 7.9012 8.1294 8.3175 8.466 8.5799 8.6672 8.7365 8.795 8.8475 8.8958 8.9401 8.9798 9.0145 9.0439 9.0672 9.0832 9.09 9.0858 9.0702 9.0444 9.0117 8.9768 8.9444 8.9176 8.8966 8.8801 8.8665 8.8567 8.8528 8.8594 8.8799 8.9159 8.9632 9.0168 9.0712 9.1246 9.1767 9.231
3.0546 3.0174 3.0037 3.0002 3 3 3 3 3 3 3 3 3 2.9999 2.9989 2.9903 2.9606 2.8775 2.7123 2.4003 1.8578 1.1985 0 0 1.3496 2.6238 3.724 4.3441 4.7846 5.1359 5.4523 5.7651 6.0856 6.4141 6.7465 7.0765 7.3956 7.694 7.962 8.1919 8.3799 8.527 8.6389 8.724 8.7912 8.848 8.8989 8.9461 8.9894 9.0283 9.0619 9.0896 9.1101 9.1214 9.1212 9.1074 9.0795 9.039 8.9898 8.9372 8.8864 8.8403 8.7969 8.7523 8.7041 8.6557 8.6143 8.5921 8.5989 8.6384 8.7016 8.7766 8.8511 8.9197 8.9814 9.0422
3.0302 3.0089 3.0016 3 3 3 3 3 3 3 3 3 2.9999 2.9995 2.9963 2.9804 2.9319 2.8091 2.5821 2.1549 1.4304 0 0 0 1.599 2.871 3.7419 4.3382 4.7802 5.1343 5.4572 5.7779 6.1069 6.444 6.7846 7.122 7.4471 7.7499 8.0206 8.2516 8.4395 8.5856 8.6962 8.7798 8.8457 8.9012 8.9511 8.9973 9.0397 9.0775 9.1095 9.1345 9.1507 9.1555 9.1462 9.1205 9.0781 9.0211 8.9538 8.882 8.8117 8.7442 8.674 8.5927 8.4963 8.3919 8.2953 8.2302 8.2172 8.2639 8.3549 8.4665 8.5759 8.6712 8.7499 8.8213
3.0148 3.004 3.0006 3 3 3 3 3 2.9999 2.9998 2.9994 2.9989 2.9979 2.9953 2.9867 2.9578 2.8813 2.7108 2.4103 1.8974 1.0771 0 0 0 1.9293 3.0594 3.8387 4.3792 4.808 5.1628 5.4943 5.8241 6.1605 6.5024 6.8455 7.1837 7.5087 7.8108 8.0805 8.3106 8.4976 8.6429 8.7527 8.8355 8.9006 8.9554 9.0046 9.05 9.0914 9.1277 9.1575 9.1787 9.189 9.1852 9.1643 9.1244 9.0655 8.9901 8.9034 8.8115 8.7206 8.6303 8.5302 8.4054 8.2499 8.075 7.9075 7.7865 7.7477 7.8036 7.9317 8.0932 8.2511 8.3841 8.4873 8.5736
3.0061 3.0015 3.0002 3 3 3 3 3 2.9997 2.9988 2.9967 2.9935 2.9883 2.9788 2.9572 2.9051 2.789 2.5659 2.1899 1.5528 0.80092 0 0 1.3289 2.336 3.2785 3.9607 4.4706 4.8924 5.2604 5.6108 5.9555 6.298 6.6371 6.9701 7.294 7.6039 7.8925 8.1518 8.3746 8.5574 8.7005 8.8091 8.8913 8.9559 9.0103 9.0589 9.1037 9.1441 9.1788 9.2056 9.222 9.2248 9.2104 9.1759 9.1196 9.0423 8.9472 8.8399 8.7271 8.6151 8.5015 8.3706 8.2002 7.9816 7.7296 7.4831 7.2979 7.2269 7.2896 7.4574 7.6747 7.8888 8.0667 8.2002 8.3054
