data/Petrone_etal_2016/Sediment_thickness/tbl_sed_thick_glacial_dep_wgs84.asc
ncols         865
nrows         297
xllcorner     -50.201966770779
yllcorner     67.120544222588
cellsize      7.2999999999998e-005
NODATA_value  -9999
[rows 238 to 271 of 297, columns 76 to 151 of 865]
3.1281 3.1281 3.1449 3.1518 3.1518 3.1482 3.1344 3.1344 3.1107 3.0773 3.0773 3.0343 3.0343 2.9824 2.9242 2.9242 2.865 2.8118 2.8118 2.7727 2.7727 2.7555 2.7659 2.7659 2.8061 2.8752 2.8752 2.9698 3.0851 3.0851 3.2169 3.2169 3.3624 3.5217 3.5217 3.6958 3.8803 3.8803 4.0634 4.228 4.228 4.3642 4.3642 4.4738 4.5805 4.5805 4.7222 4.9402 4.9402 5.2506 5.2506 5.6399 6.065 6.065 6.475 6.8234 6.8234 7.0877 7.2678 7.2678 7.3798 7.3798 7.4411 7.4661 7.4661 7.4633 7.4372 7.4372 7.39 7.3235 7.3235 7.2366 7.2366 7.1247 6.9782 6.8405
3.0484 3.0484 3.0511 3.049 3.049 3.0424 3.0321 3.0321 3.0185 3.0013 3.0013 2.9787 2.9787 2.9482 2.9085 2.9085 2.8605 2.8068 2.8068 2.7488 2.6898 2.6898 2.6372 2.6372 2.6047 2.607 2.607 2.6552 2.7538 2.9567 3.0939 3.0939 3.2519 3.4265 3.4265 3.6173 3.8214 3.8214 4.0313 4.2341 4.2341 4.4223 4.4223 4.5962 4.7719 4.7719 4.9745 5.2311 5.2311 5.5497 5.9159 5.9159 6.2955 6.2955 6.6508 6.9495 6.9495 7.1773 7.3363 7.3363 7.4395 7.4395 7.4998 7.5274 7.5274 7.5283 7.5061 7.5061 7.4628 7.4006 7.4006 7.3196 7.3196 7.2182 7.0913 7.0913
3.0189 3.0125 3.0125 2.9985 2.9985 2.9781 2.9562 2.9562 2.9376 2.9245 2.9245 2.9144 2.9144 2.9013 2.8788 2.8788 2.8425 2.7919 2.7919 2.7243 2.638 2.638 2.516 2.516 2.3803 2.2792 2.2792 2.2827 2.4033 2.4033 2.5987 2.8304 2.8304 3.0762 3.0762 3.3413 3.6165 3.6165 3.8954 4.1722 4.1722 4.4461 4.4461 4.7199 4.9989 4.9989 5.2884 5.593 5.593 5.9099 6.2291 6.2291 6.5355 6.5355 6.8151 7.0571 7.0571 7.2571 7.4157 7.4157 7.5362 7.6213 7.6213 7.6727 7.6727 7.6921 7.6819 7.6819 7.6456 7.5869 7.5869 7.5092 7.5092 7.4152 7.3065 7.3065
2.9756 2.9324 2.9324 2.8581 2.8581 2.7347 2.5934 2.5934 2.4844 2.4743 2.4743 2.5544 2.5544 2.6538 2.7145 2.7145 2.7153 2.6776 2.6776 2.6021 2.484 2.484 2.254 2.254 1.7484 0 0 0 0.9107 0.9107 1.2009 1.6121 1.6121 2.14 2.14 2.755 3.2427 3.2427 3.667 4.0431 4.0431 4.3914 4.3914 4.7233 5.0507 5.0507 5.3763 5.6991 5.6991 6.0149 6.3184 6.3184 6.6047 6.6047 6.8695 7.1091 7.1091 7.3204 7.5005 7.5005 7.5921 7.6905 7.6905 7.7528 7.7528 7.78 7.7745 7.7745 7.7406 7.683 7.683 7.606 7.606 7.5139 7.4096 7.4096
2.8941 2.7742 2.7742 2.5811 2.5811 2.2393 1.5798 1.5798 0 0 0 1.8086 2.2777 2.2777 2.4335 2.583 2.5998 2.5687 2.5687 2.4977 2.3847 2.3847 2.1825 2.1825 1.6992 1.096 1.096 0 0 0 0 0 0 1.4076 1.4076 2.2202 2.9668 2.9668 3.5035 3.9443 3.9443 4.3378 4.6954 4.6954 5.0372 5.0372 5.3708 5.6982 5.6982 6.0164 6.3217 6.3217 6.6107 6.6107 6.8801 7.1268 7.1268 7.3472 7.5372 7.5372 7.6925 7.8093 7.8093 7.8857 7.8857 7.922 7.9218 7.9218 7.8907 7.835 7.835 7.7608 7.6737 7.6737 7.5778 7.5778
2.8101 2.6177 2.6177 2.3387 2.3387 1.7971 1.164 1.164 0 1.1246 1.1246 1.7131 2.1609 2.1609 2.2877 2.2877 2.3091 2.2831 2.2831 2.2315 2.1617 2.1617 2.0753 1.9515 1.9515 1.7948 1.7948 1.5915 1.3607 1.3607 0.99311 0.53748 0.53748 0 0 1.1019 2.1255 2.1255 3.0141 3.6553 3.6553 4.172 4.603 4.603 4.9794 4.9794 5.327 5.661 5.661 5.9851 6.2983 6.2983 6.5974 6.8791 6.8791 7.1396 7.1396 7.3741 7.5768 7.5768 7.7423 7.866 7.866 7.9461 7.9461 7.9839 7.9844 7.9844 7.9546 7.9021 7.9021 7.834 7.7563 7.7563 7.6732 7.6732
2.5003 2.0943 2.0943 1.4262 1.4262 0 0.92759 0.92759 1.3404 1.7553 1.7553 1.9249 2.0251 2.0251 2.051 2.051 2.0416 2.0107 2.0107 1.9773 1.9509 1.9509 1.9359 1.9269 1.9269 1.9105 1.9105 1.8428 1.6999 1.6999 1.3687 0.79332 0.79332 0 0 0 1.1504 1.1504 2.2755 3.2789 3.2789 3.9893 4.5152 4.5152 4.938 4.938 5.307 5.6425 5.6425 5.9671 6.2817 6.2817 6.5834 6.8687 6.8687 7.1333 7.1333 7.3717 7.5776 7.5776 7.7449 7.869 7.869 7.9484 7.9484 7.985 7.9848 7.9848 7.9554 7.9051 7.9051 7.8411 7.7695 7.7695 7.6944 7.6944
1.8249 1.6511 1.6511 0.89332 0 0 0.92682 0.92682 1.5391 1.8101 1.8101 1.9225 1.9688 1.9688 1.967 1.967 1.9435 1.9123 1.9123 1.8867 1.8732 1.8732 1.8767 1.8935 1.8935 1.9105 1.9105 1.883 1.7755 1.7755 1.4744 0.87089 0.87089 0 0 0 0 0 1.9389 3.1295 3.1295 3.943 4.5024 4.5024 4.9424 4.9424 5.3026 5.6332 5.6332 5.9494 6.2572 6.2572 6.5544 6.8377 6.8377 7.1023 7.1023 7.3416 7.5482 7.5482 7.715 7.8371 7.8371 7.9134 7.9471 7.9471 7.9453 7.9453 7.9173 7.872 7.872 7.8173 7.7591 7.7591 7.7013 7.7013
1.4222 0 0 0 0.86725 0.86725 1.3398 1.3398 1.6893 1.8406 1.8406 1.8842 1.8837 1.8837 1.8572 1.83 1.83 1.8106 1.8106 1.804 1.8125 1.8125 1.8393 1.8843 1.8843 1.941 1.941 1.9811 1.973 1.973 1.8477 1.521 1.521 1.0483 0 0 0 0 1.84 3.1996 3.1996 4.0428 4.5872 4.5872 5.0198 5.0198 5.3653 5.678 5.678 5.9738 6.2618 6.2618 6.5411 6.8097 6.8097 7.0631 7.0631 7.2945 7.4956 7.4956 7.6588 7.7784 7.7784 7.8532 7.8866 7.8866 7.8862 7.8862 7.8618 7.8231 7.8231 7.7781 7.733 7.733 7.6915 7.6915
0 1.0276 1.0276 1.309 1.5978 1.5978 1.7521 1.7521 1.8329 1.865 1.865 1.8629 1.8446 1.8446 1.825 1.8153 1.8153 1.8195 1.8195 1.8389 1.8736 1.8736 1.9251 1.9954 1.9954 2.0849 2.0849 2.1851 2.2828 2.2828 2.3561 2.4025 2.0054 1.7249 1.3505 1.3505 0 0 2.3477 3.4516 3.4516 4.1874 4.6836 4.6836 5.0895 5.4195 5.4195 5.7191 5.7191 6.002 6.2769 6.2769 6.5441 6.802 6.802 7.0467 7.0467 7.2716 7.4683 7.4683 7.6289 7.7476 7.7476 7.8227 7.8574 7.8574 7.8594 7.8594 7.8382 7.8035 7.8035 7.7637 7.7249 7.7249 7.6908 7.6636
0.92546 1.2957 1.2957 1.6231 1.7438 1.7438 1.8238 1.8238 1.8608 1.874 1.874 1.8669 1.8519 1.8519 1.84 1.8394 1.8394 1.8554 1.8554 1.8886 1.9385 1.9385 2.0049 2.0899 2.0899 2.1952 2.3186 2.3186 2.4552 2.4552 2.5919 2.7358 2.7358 2.8705 3.0623 3.0623 3.3184 3.3184 3.7047 4.1291 4.1291 4.5651 4.9389 4.9389 5.2718 5.5636 5.5636 5.8332 5.8332 6.0884 6.3355 6.3355 6.5761 6.8102 6.8102 7.0345 7.2432 7.2432 7.4283 7.4283 7.582 7.6982 7.6982 7.775 7.8145 7.8145 7.8236 7.8236 7.8112 7.7867 7.7867 7.7581 7.7318 7.7318 7.7116 7.6993
1.3239 1.5961 1.5961 1.6376 1.6232 1.6232 1.6564 1.6564 1.7428 1.831 1.831 1.8849 1.8887 1.8887 1.8801 1.8786 1.8786 1.9111 1.9111 1.978 2.0783 2.0783 2.1965 2.3283 2.3283 2.4707 2.6302 2.6302 2.8104 2.8104 3.0131 3.2384 3.2384 3.4835 3.7488 3.7488 4.031 4.031 4.3279 4.6311 4.6311 4.9335 5.2246 5.2246 5.4996 5.7554 5.7554 5.9952 5.9952 6.2228 6.4425 6.4425 6.6567 6.8658 6.8658 7.0675 7.2566 7.2566 7.4261 7.4261 7.5691 7.68 7.68 7.7616 7.8037 7.8037 7.817 7.817 7.8098 7.7912 7.7912 7.7688 7.7489 7.7489 7.7353 7.7297
1.7046 1.4076 1.4076 0.93617 0 0 0 1.2371 1.2371 1.7399 1.7399 1.9135 1.8443 1.8443 1.5818 1.4334 1.4334 1.8538 1.8538 1.9643 2.1269 2.1269 2.2887 2.4588 2.4588 2.6266 2.8035 2.8035 2.9959 2.9959 3.2111 3.4487 3.4487 3.7052 3.9759 3.9759 4.2558 4.5408 4.5408 4.8258 4.8258 5.1059 5.376 5.376 5.6323 5.8728 5.8728 6.0984 6.0984 6.3124 6.5186 6.5186 6.7197 6.9161 6.9161 7.1056 7.2837 7.2837 7.4437 7.4437 7.5794 7.686 7.686 7.7614 7.8071 7.8071 7.8283 7.8319 7.8319 7.8256 7.8256 7.8163 7.8094 7.8094 7.8085 7.8151
1.8546 1.2847 1.2847 0 0 0 0 1.2467 1.2467 1.7614 1.7614 1.9409 1.822 1.822 1.3442 0 0 0.85654 1.3654 1.3654 1.9055 1.9055 2.4295 2.7276 2.7276 2.9503 3.1631 3.1631 3.3779 3.3779 3.6095 3.8584 3.8584 4.1218 4.3939 4.3939 4.6689 4.942 4.942 5.2089 5.2089 5.4662 5.7106 5.7106 5.9397 6.1528 6.1528 6.3513 6.5384 6.5384 6.7178 6.7178 6.8921 7.0621 7.0621 7.2258 7.3793 7.3793 7.5176 7.5176 7.6356 7.73 7.73 7.7996 7.8457 7.8457 7.8725 7.8855 7.8855 7.8906 7.8906 7.8934 7.8984 7.8984 7.9086 7.9253
2.2163 1.7934 1.7934 1.5118 1.4325 1.4325 1.6173 1.7971 1.7971 1.9355 1.9355 2.0277 1.9671 1.9671 1.6988 1.4189 1.4189 1.2858 1.6459 1.6459 2.1632 2.1632 2.7089 3.0318 3.0318 3.2823 3.5219 3.5219 3.7607 3.7607 4.0124 4.277 4.277 4.5514 4.8294 4.8294 5.1048 5.3723 5.3723 5.6279 5.6279 5.8685 6.0919 6.0919 6.2971 6.4845 6.4845 6.6564 6.8164 6.6721 6.8379 6.8379 6.9986 7.1548 7.1548 7.3049 7.4454 7.4454 7.5718 7.5718 7.6799 7.7669 7.7669 7.8322 7.8771 7.8771 7.9055 7.922 7.922 7.9318 7.9318 7.9395 7.9493 7.9493 7.9639 7.9847
2.3968 2.227 2.227 1.942 1.8659 1.8659 1.868 1.9437 1.9437 2.0225 2.0225 2.0927 2.1037 2.1037 2.0834 2.0554 2.0554 2.1308 2.3148 2.3148 2.6111 2.6111 2.9146 3.2041 3.2041 3.4572 3.7057 3.7057 3.9567 4.2196 4.2196 4.4936 4.4936 4.7748 5.0568 5.0568 5.3333 5.5988 5.5988 5.8493 5.8493 6.082 6.2953 6.2953 6.4888 6.6635 6.6635 6.822 6.9682 6.9682 7.1061 7.1061 7.2385 7.3665 7.3665 7.4887 7.6026 7.6026 7.7046 7.7919 7.7919 7.863 7.863 7.9179 7.9583 7.9583 7.987 8.0075 8.0075 8.0233 8.0233 8.0377 8.0541 8.0541 8.0748 8.1011
2.3864 2.2405 2.2405 2.1279 2.0658 2.0658 2.0576 2.0985 2.0985 2.1725 2.2667 2.2667 2.3696 2.3696 2.4816 2.606 2.606 2.7525 2.9252 2.9252 3.1261 3.1261 3.3499 3.5914 3.5914 3.8449 4.1092 4.1092 4.3836 4.6679 4.6679 4.9586 4.9586 5.2506 5.5372 5.5372 5.8119 6.0698 6.0698 6.3073 6.5223 6.5223 6.7143 6.7143 6.8837 7.0325 7.0325 7.1637 7.2818 7.2818 7.391 7.391 7.4946 7.5939 7.5939 7.6885 7.7764 7.7764 7.8548 7.922 7.922 7.977 7.977 8.0207 8.0546 8.0546 8.081 8.1019 8.1019 8.1198 8.1371 8.1371 8.1561 8.1561 8.1793 8.2082
2.3585 2.246 2.246 2.173 2.1454 2.1454 2.1632 2.2219 2.2219 2.3156 2.4371 2.4371 2.5806 2.5806 2.7404 2.9136 2.9136 3.0992 3.3 3.3 3.519 3.519 3.7578 4.015 4.015 4.288 4.5735 4.5735 4.8682 5.1677 5.1677 5.4672 5.4672 5.7605 5.7886 5.7886 6.0588 6.3095 6.3095 6.5378 6.7421 6.7421 6.9223 6.9223 7.0792 7.2148 7.2148 7.3325 7.4367 7.4367 7.5317 7.5317 7.6212 7.7068 7.7068 7.7883 7.864 7.864 7.9317 7.9896 7.9896 8.0375 8.0375 8.076 8.1068 8.1068 8.1315 8.152 8.152 8.1701 8.1877 8.1877 8.2071 8.2071 8.2306 8.2597
2.3662 2.2564 2.2564 2.1811 2.1447 2.1447 2.1512 2.2037 2.2037 2.3036 2.4457 2.4457 2.622 2.622 2.8206 3.0313 3.0313 3.2474 3.4716 3.4716 3.7093 3.9648 3.9648 4.2368 4.2368 4.5227 4.8188 4.8188 5.1211 5.4249 5.4249 5.7247 5.7247 6.0143 6.2879 6.2879 6.5408 6.7701 6.7701 6.9745 7.1538 7.1538 7.3087 7.3087 7.4402 7.5506 7.5506 7.6429 7.7216 7.7216 7.7914 7.8558 7.8558 7.9173 7.9173 7.9761 8.0312 8.0312 8.0808 8.124 8.124 8.1604 8.1604 8.1911 8.217 8.217 8.2394 8.259 8.259 8.2769 8.2942 8.2942 8.313 8.313 8.3354 8.3634
2.2611 2.0862 2.0862 1.9195 1.7706 1.7706 1.6507 1.4824 1.4824 1.3981 1.6863 1.6863 2.2418 2.2418 2.8599 3.237 3.237 3.5361 3.8169 3.8169 4.0957 4.3847 4.3847 4.684 4.684 4.9912 5.3023 5.3023 5.6126 5.9169 5.9169 6.2092 6.2092 6.4839 6.7363 6.7363 6.9637 7.1652 7.1652 7.3416 7.4939 7.4939 7.6234 7.6234 7.7314 7.82 7.82 7.8921 7.9518 7.9518 8.0033 8.0503 8.0503 8.0951 8.0951 8.1384 8.1794 8.1794 8.217 8.2505 8.2505 8.28 8.28 8.3062 8.3297 8.2736 8.2954 8.3149 8.3149 8.3326 8.3495 8.3495 8.3674 8.3674 8.3886 8.415
1.4338 1.2542 0.88853 0.88853 0 0 0 0 0 0 1.3498 1.3498 2.27 2.27 3.0556 3.5184 3.5184 3.8718 4.1901 4.1901 4.2936 4.5954 4.5954 4.9043 4.9043 5.218 5.5326 5.5326 5.843 6.1437 6.1437 6.4288 6.693 6.693 6.9324 6.9324 7.1455 7.3323 7.3323 7.4944 7.6333 7.6333 7.7507 7.7507 7.8482 7.9277 7.9277 7.992 8.045 8.045 8.0907 8.1322 8.1322 8.1718 8.1718 8.21 8.2463 8.2463 8.2798 8.3099 8.3099 8.3369 8.3615 8.3615 8.3841 8.3841 8.4051 8.4242 8.4242 8.4411 8.4563 8.4563 8.4712 8.4712 8.4882 8.5095
0.77052 0.67428 0 0 0 0 0 0 0 0.9781 1.8963 1.8963 2.7004 3.2737 3.2737 3.7167 3.7167 4.0729 4.3961 4.3961 4.7093 5.0247 5.0247 5.3427 5.3427 5.6606 5.9739 5.9739 6.2771 6.5643 6.5643 6.8298 7.0695 7.0695 7.2811 7.2811 7.4648 7.6224 7.6224 7.7565 7.8699 7.8699 7.9649 8.0436 8.0436 8.1079 8.1079 8.1606 8.2047 8.2047 8.2432 8.2783 8.2783 8.3115 8.3115 8.3429 8.372 8.372 8.3984 8.4221 8.4221 8.4438 8.4641 8.4641 8.4837 8.4837 8.5022 8.5189 8.5189 8.5329 8.5441 8.5441 8.5536 8.5638 8.5638 8.5771
0 0 0 0 0 0 0 1.0495 1.0495 2.0161 2.8326 2.8326 3.4023 3.8429 3.8429 4.2097 4.2097 4.5357 4.8478 4.8478 5.1593 5.4733 5.4733 5.7876 5.7876 6.0984 6.4004 6.4004 6.6881 6.9555 6.9555 7.1977 7.4114 7.4114 7.5957 7.5957 7.7516 7.8821 7.8821 7.9908 8.0812 8.0812 8.1565 8.2191 8.2191 8.2713 8.2713 8.3154 8.3536 8.3536 8.3875 8.3484 8.3484 8.3791 8.3791 8.4074 8.4331 8.4331 8.4557 8.4757 8.4757 8.4939 8.5112 8.5112 8.528 8.528 8.5441 8.5583 8.5583 8.5695 8.5775 8.5775 8.5833 8.589 8.589 8.5973
1.0893 0.96748 0.67502 0.67502 0 0 0 1.6522 1.6522 2.5864 3.2472 3.2472 3.7449 4.1406 4.1406 4.4755 4.4755 4.7836 5.0866 5.0866 5.3923 5.701 5.701 6.0092 6.3125 6.3125 6.6057 6.6057 6.8832 7.1394 7.1394 7.3694 7.5705 7.5705 7.7419 7.7419 7.8852 8.0036 8.0036 8.1011 8.1816 8.1816 8.2485 8.3043 8.3043 8.3515 8.3515 8.392 8.4275 8.4275 8.4591 8.4875 8.4875 8.5127 8.5344 8.5344 8.5522 8.5522 8.5664 8.5778 8.5778 8.5875 8.5968 8.5968 8.606 8.606 8.6146 8.6211 8.6211 8.6242 8.6233 8.6233 8.6192 8.6142 8.6142 8.6109
1.9033 1.4358 1.0505 1.0505 0 1.9859 1.9859 2.9322 2.9322 3.5555 4.0187 4.0187 4.3951 4.7121 4.7121 5.0004 5.0004 5.2813 5.5651 5.5651 5.8538 6.1448 6.1448 6.4338 6.7161 6.7161 6.9869 6.9869 7.2406 7.4721 7.4721 7.6773 7.8538 7.8538 8.0013 8.1221 8.1221 8.2197 8.2197 8.2986 8.3631 8.3631 8.4167 8.4621 8.4621 8.5012 8.5012 8.5355 8.5658 8.5658 8.5925 8.6154 8.6154 8.6344 8.6489 8.6489 8.659 8.659 8.665 8.6679 8.6679 8.669 8.6695 8.6695 8.6695 8.6685 8.6685 8.6649 8.6649 8.6573 8.6452 8.6452 8.6293 8.612 8.612 8.5961
2.8723 2.5967 2.6303 2.6303 2.8872 3.5092 3.5092 3.9588 3.9588 4.3521 4.687 4.687 4.9817 5.249 5.249 5.5075 5.5075 5.7662 6.0292 6.0292 6.2959 6.563 6.563 6.8265 7.0821 7.0821 7.3251 7.3251 7.5508 7.7546 7.7546 7.9327 8.0837 8.0837 8.2079 8.3079 8.3079 8.3099 8.3099 8.3812 8.4394 8.4394 8.488 8.5294 8.5294 8.5653 8.5653 8.5967 8.6244 8.6244 8.6483 8.6685 8.6685 8.6844 8.6958 8.6958 8.7027 8.7027 8.7053 8.7047 8.7047 8.7022 8.6986 8.6986 8.6942 8.6883 8.6883 8.6794 8.6794 8.6663 8.6484 8.6484 8.6266 8.6033 8.6033 -9999
3.2746 3.3395 3.4648 3.4648 3.7218 4.0347 4.0347 4.3818 4.3818 4.6973 4.991 4.991 5.2583 5.5098 5.5098 5.7568 6.0051 6.0051 6.2572 6.2572 6.5117 6.7655 6.7655 7.0148 7.2553 7.2553 7.4829 7.4829 7.6929 7.8812 7.8812 8.0445 8.1816 8.1816 8.2934 8.3829 8.3829 8.4541 8.4541 8.5116 8.559 8.559 8.5989 8.6331 8.6331 8.6625 8.6879 8.6879 8.7096 8.7096 8.7278 8.7423 8.7423 8.7528 8.7591 8.7591 8.7611 8.7611 8.7589 8.7533 8.7533 8.7451 8.7351 8.7351 8.7232 8.7088 8.7088 8.6907 8.6907 8.6678 8.6397 8.6397 8.6078 -9999 -9999 -9999
3.9607 4.1312 4.3335 4.3335 4.5641 4.8127 4.8127 5.0692 5.0692 5.3219 5.5658 5.5658 5.7999 6.0282 6.0282 6.2545 6.4817 6.4817 6.7103 6.7103 6.9386 7.1638 7.1638 7.3823 7.5903 7.5903 7.784 7.9598 7.9598 8.1142 8.1142 8.2451 8.3525 8.3525 8.4381 8.5054 8.5054 8.5589 8.5589 8.6025 8.6389 8.6389 8.6698 8.6961 8.6961 8.718 8.7362 8.7362 8.7511 8.7511 8.763 8.772 8.772 8.7779 8.7804 8.7804 8.779 8.7739 8.7739 8.7652 8.7652 8.7535 8.7392 8.7392 8.7223 8.7021 8.7021 8.6776 8.687 8.6602 8.6283 8.6283 8.5926 -9999 -9999 -9999
4.5827 4.7739 4.9859 4.9859 5.2125 5.4458 5.4458 5.679 5.679 5.9065 6.1261 6.1261 6.3379 6.5444 6.5444 6.7481 6.9509 6.9509 7.1526 7.1526 7.3517 7.5454 7.3579 7.56 7.7507 7.7507 7.9266 8.0843 8.0843 8.221 8.221 8.3351 8.4271 8.4271 8.4993 8.5556 8.5556 8.6002 8.6002 8.6367 8.6675 8.6675 8.6936 8.7155 8.7155 8.7333 8.7476 8.7476 8.759 8.759 8.768 8.7745 8.7745 8.7784 8.7793 8.7793 8.7766 8.7702 8.7702 8.7604 8.7604 8.7474 8.7316 8.7316 8.7129 8.6907 8.6907 8.6642 8.6642 8.6325 -9999 -9999 -9999 -9999 -9999 -9999
4.9068 5.0986 5.3081 5.3081 5.5289 5.7541 5.7541 5.9775 6.1943 6.1943 6.4026 6.4026 6.6027 6.797 6.797 6.9877 7.1764 7.1764 7.3631 7.3631 7.5463 7.7234 7.7234 7.8912 8.0464 8.0464 8.1862 8.3077 8.3077 8.4094 8.4094 8.4908 8.5536 8.5536 8.601 8.6369 8.6369 8.6653 8.6889 8.6889 8.709 8.709 8.7256 8.7386 8.7386 8.7482 8.7551 8.7551 8.7602 8.7602 8.7641 8.7667 8.7667 8.7677 8.7662 8.7662 8.7615 8.7531 8.7531 8.7411 8.7411 8.7258 8.7076 8.7076 8.6862 8.6614 8.6614 -9999 -9999 -9999 -9999 -9999 -9999 -9999 -9999 -9999
5.5828 5.7658 5.9609 5.9609 6.1628 6.3658 6.3658 6.5649 6.7564 6.7564 6.9385 6.9385 7.1116 7.2777 7.2777 7.4387 7.5963 7.5963 7.7504 7.7504 7.9001 8.0428 8.0428 8.1756 8.2956 8.2956 8.4002 8.4876 8.4876 8.5573 8.5573 8.61 8.6485 8.6485 8.6761 8.6966 8.6966 8.7129 8.7265 8.7265 8.7376 8.7376 8.7458 8.7508 8.7508 8.753 8.7535 8.7535 8.7537 8.7537 8.7543 8.7548 8.7548 8.7607 8.7585 8.7585 8.7531 8.7439 8.7439 8.731 8.731 8.7147 8.6954 8.6954 8.673 -9999 -9999 -9999 -9999 -9999 -9999 -9999 -9999 -9999 -9999 -9999
6.2612 6.4266 6.5992 6.5992 6.775 6.9498 6.9498 7.1197 7.0251 7.0251 7.1926 7.1926 7.3508 7.5015 7.5015 7.6466 7.7876 7.7876 7.9248 8.0571 8.0571 8.1824 8.1824 8.2978 8.4005 8.4005 8.4884 8.5601 8.5601 8.6155 8.6155 8.6562 8.685 8.685 8.7052 8.7203 8.7203 8.7323 8.7422 8.7422 8.7497 8.7497 8.7542 8.7556 8.7556 8.7545 8.7524 8.7524 8.7507 8.7501 8.7501 8.7501 8.7501 8.7495 8.7469 8.7469 8.741 -9999 -9999 -9999 -9999 -9999 -9999 -9999 -9999 -9999 -9999 -9999 -9999 -9999 -9999 -9999 -9999 -9999 -9999 -9999
6.741 6.741 6.9005 6.9005 7.0619 7.2216 7.2216 7.3763 7.5232 7.5232 7.6608 7.6608 7.7888 7.9085 7.9085 8.0216 8.1293 8.1293 8.2323 8.3299 8.3299 8.4204 8.4204 8.5014 8.5709 8.5709 8.6276 8.6712 8.6712 8.7027 8.7245 8.7245 8.7393 8.7393 8.7498 8.7581 8.7581 8.7648 8.7696 8.7696 8.7716 8.7716 8.77 8.7652 8.7652 8.7586 8.7521 8.7521 8.7475 8.7454 8.7454 8.7449 8.7449 8.7447 8.7428 8.7428 -9999 -9999 -9999 -9999 -9999 -9999 -9999 -9999 -9999 -9999 -9999 -9999 -9999 -9999 -9999 -9999 -9999 -9999 -9999 -9999
-9999 -9999 7.4417 7.4417 7.5731 7.7026 7.7026 7.8278 7.9462 7.9462 8.056 8.056 -9999 -9999 -9999 -9999 8.4089 8.4089 8.4797 8.5442 8.5442 8.6013 8.6013 8.6499 8.6889 8.6889 8.7185 8.7394 8.7394 8.7535 8.7632 8.7632 8.7704 8.7704 8.7766 8.7822 8.7822 8.7865 8.7883 8.7806 8.7804 8.7804 8.7764 8.7692 8.7692 8.7604 8.7523 8.7523 8.7466 8.7439 8.7439 8.7435 8.7435 8.7437 -9999 -9999 -9999 -9999 -9999 -9999 -9999 -9999 -9999 -9999 -9999 -9999 -9999 -9999 -9999 -9999 -9999 -9999 -9999 -9999 -9999 -9999
