data/Petrone_etal_2016/Sediment_thickness/tbl_sed_thick_total_wgs84.asc
ncols         866
nrows         297
xllcorner     -50.201966770779
yllcorner     67.120582669113
cellsize      7.2870550417999e-005
NODATA_value  -9999
[rows 204 to 237 of 297, columns 304 to 379 of 866]
9.4231 9.5039 9.5039 9.5881 9.6842 9.6842 9.7812 9.8743 9.8743 9.967 9.967 10.064 10.155 10.155 10.233 10.296 10.296 10.357 10.423 10.423 10.494 10.494 10.566 10.638 10.638 10.712 10.786 10.786 10.86 10.86 10.934 11.008 11.008 11.079 11.146 11.146 11.208 11.263 11.263 11.309 11.309 11.344 11.37 11.37 11.388 11.4 11.4 11.408 11.408 11.414 11.419 11.419 11.422 11.425 11.425 11.427 11.426 11.426 11.422 11.422 11.413 11.4 11.4 11.38 11.352 11.352 11.315 11.315 11.265 11.201 11.201 11.119 11.022 11.022 10.91 10.788
9.9914 10.082 10.082 10.184 10.299 10.299 10.412 10.519 10.519 10.622 10.622 10.719 10.797 10.797 10.848 10.878 10.878 10.902 10.929 10.929 10.959 10.959 10.994 11.031 11.031 11.072 11.115 11.115 11.158 11.158 11.199 11.24 11.24 11.278 11.314 11.314 11.346 11.372 11.372 11.393 11.393 11.409 11.419 11.419 11.425 11.43 11.43 11.433 11.436 11.436 11.439 11.439 11.435 11.436 11.436 11.435 11.431 11.431 11.424 11.424 11.411 11.394 11.394 11.369 11.336 11.336 11.291 11.233 11.233 11.157 11.157 11.063 10.951 10.951 10.825 10.688
10.394 10.496 10.496 10.608 10.722 10.722 10.828 10.754 10.754 10.857 10.948 10.948 11.015 11.015 11.054 11.073 11.073 11.088 11.104 11.104 11.123 11.123 11.146 11.173 11.173 11.202 11.232 11.232 11.261 11.29 11.29 11.317 11.317 11.343 11.366 11.366 11.387 11.403 11.403 11.416 11.416 11.424 11.429 11.429 11.432 11.434 11.434 11.436 11.438 11.438 11.44 11.44 11.441 11.44 11.44 11.435 11.426 11.426 11.412 11.412 11.393 11.368 11.368 11.336 11.292 11.292 11.234 11.158 11.158 11.06 11.06 10.94 10.799 10.799 10.641 10.469
10.546 10.651 10.651 10.762 10.869 10.869 10.966 11.055 11.055 11.142 11.213 11.213 11.26 11.26 11.285 11.297 11.297 11.306 11.315 11.315 11.324 11.324 11.335 11.347 11.347 11.36 11.372 11.372 11.384 11.394 11.394 11.404 11.404 11.413 11.42 11.42 11.426 11.431 11.431 11.433 11.433 11.434 11.433 11.433 11.431 11.43 11.43 11.429 11.43 11.43 11.429 11.429 11.428 11.423 11.423 11.414 11.401 11.401 11.382 11.358 11.358 11.327 11.327 11.288 11.237 11.237 11.168 11.076 11.076 10.958 10.958 10.814 10.642 10.642 10.444 10.228
10.75 10.853 10.853 10.958 11.051 11.051 11.132 11.2 11.2 11.263 11.312 11.312 11.344 11.344 11.361 11.373 11.373 11.382 11.389 11.389 11.396 11.403 11.403 11.41 11.41 11.416 11.422 11.422 11.425 11.428 11.428 11.43 11.43 11.431 11.431 11.431 11.431 11.433 11.433 11.433 11.431 11.431 11.428 11.428 11.425 11.423 11.423 11.422 11.421 11.421 11.419 11.419 11.416 11.409 11.409 11.398 11.382 11.382 11.361 11.334 11.334 11.301 11.301 11.26 11.205 11.205 11.132 11.034 11.034 10.908 10.908 10.753 10.564 10.564 10.345 10.105
10.812 10.913 11.015 11.015 11.103 11.103 11.178 11.239 11.239 11.291 11.33 11.33 11.355 11.355 11.371 11.383 11.383 11.392 11.4 11.4 11.407 11.413 11.413 11.419 11.419 11.425 11.429 11.429 11.431 11.432 11.432 11.432 11.432 11.431 11.43 11.43 11.428 11.426 11.426 11.422 11.418 11.418 11.413 11.413 11.408 11.403 11.403 11.4 11.397 11.397 11.393 11.393 11.386 11.375 11.375 11.358 11.336 11.336 11.308 11.275 11.275 11.237 11.237 11.19 11.13 11.13 11.05 10.943 10.943 10.804 10.804 10.631 10.414 10.414 10.157 9.8666
10.903 11.001 11.095 11.095 11.177 11.177 11.242 11.288 11.288 11.319 11.343 11.343 11.361 11.361 11.376 11.387 11.387 11.397 11.405 11.405 11.412 11.419 11.419 11.425 11.425 11.43 11.433 11.433 11.434 11.434 11.434 11.432 11.432 11.428 11.423 11.423 11.418 11.412 11.412 11.406 11.399 11.399 11.391 11.391 11.384 11.379 11.379 11.374 11.368 11.368 11.361 11.35 11.35 11.333 11.333 11.308 11.277 11.277 11.241 11.199 11.199 11.153 11.153 11.1 11.034 11.034 11.002 10.892 10.892 10.748 10.567 10.567 10.336 10.336 10.06 9.7484
10.941 11.032 11.121 11.121 11.205 11.205 11.27 11.313 11.313 11.336 11.354 11.354 11.37 11.383 11.383 11.394 11.394 11.404 11.412 11.412 11.419 11.425 11.422 11.428 11.428 11.432 11.435 11.435 11.436 11.435 11.435 11.432 11.427 11.427 11.421 11.421 11.414 11.406 11.406 11.398 11.389 11.389 11.381 11.381 11.373 11.366 11.366 11.36 11.354 11.354 11.345 11.331 11.331 11.31 11.31 11.282 11.245 11.245 11.203 11.157 11.157 11.106 11.106 11.049 10.979 10.979 10.89 10.773 10.773 10.617 10.416 10.416 10.16 10.16 9.8553 9.5119
10.944 11.033 11.119 11.119 11.204 11.204 11.274 11.32 11.32 11.344 11.361 11.361 11.376 11.389 11.389 11.4 11.4 11.409 11.417 11.417 11.424 11.43 11.43 11.436 11.436 11.44 11.443 11.443 11.443 11.44 11.44 11.436 11.429 11.429 11.42 11.42 11.409 11.398 11.398 11.386 11.375 11.375 11.364 11.364 11.354 11.346 11.346 11.339 11.33 11.33 11.318 11.299 11.299 11.27 11.27 11.232 11.185 11.185 11.131 11.074 11.074 11.013 10.947 10.947 10.869 10.869 10.768 10.633 10.633 10.456 10.23 10.23 9.9531 9.9531 9.632 9.2749
10.953 11.038 11.123 11.123 11.208 11.208 11.282 11.334 11.334 11.362 11.378 11.378 11.391 11.403 11.403 11.413 11.413 11.421 11.429 11.429 11.436 11.442 11.442 11.447 11.45 11.45 11.452 11.452 11.452 11.448 11.448 11.443 11.434 11.434 11.423 11.423 11.411 11.397 11.397 11.382 11.368 11.368 11.356 11.345 11.345 11.335 11.335 11.327 11.317 11.317 11.302 11.287 11.287 11.255 11.255 11.212 11.16 11.16 11.101 11.038 11.038 10.972 10.9 10.9 10.814 10.814 10.703 10.556 10.556 10.366 10.128 10.128 9.8416 9.8416 9.5149 9.1572
10.955 11.038 11.122 11.122 11.206 11.284 11.284 11.339 11.339 11.37 11.386 11.386 11.398 11.409 11.409 11.419 11.419 11.427 11.434 11.434 11.441 11.447 11.447 11.452 11.455 11.455 11.457 11.457 11.456 11.453 11.453 11.447 11.438 11.438 11.427 11.427 11.413 11.399 11.399 11.384 11.369 11.369 11.355 11.344 11.344 11.334 11.334 11.326 11.315 11.315 11.299 11.273 11.273 11.235 11.235 11.185 11.123 11.123 11.054 10.98 10.98 10.899 10.808 10.808 10.698 10.698 10.561 10.389 10.389 10.174 9.9159 9.9159 9.6169 9.287 9.287 8.9326
10.957 11.039 11.122 11.122 11.205 11.285 11.285 11.345 11.345 11.381 11.396 11.396 11.407 11.417 11.417 11.426 11.426 11.434 11.442 11.442 11.449 11.455 11.455 11.46 11.464 11.464 11.466 11.466 11.466 11.463 11.463 11.457 11.448 11.448 11.436 11.422 11.422 11.406 11.406 11.391 11.375 11.375 11.361 11.348 11.348 11.338 11.338 11.328 11.316 11.316 11.297 11.268 11.268 11.225 11.167 11.167 11.095 11.095 11.011 10.916 10.916 10.809 10.69 10.69 10.553 10.553 10.391 10.198 10.198 9.9696 9.7075 9.7075 9.4117 9.0876 9.0876 8.7416
10.961 11.042 11.123 11.123 11.204 11.285 11.285 11.349 11.349 11.389 11.404 11.404 11.413 11.422 11.422 11.43 11.438 11.438 11.447 11.447 11.454 11.461 11.461 11.467 11.472 11.472 11.474 11.474 11.475 11.473 11.473 11.467 11.458 11.458 11.446 11.432 11.427 11.412 11.412 11.396 11.38 11.38 11.365 11.352 11.352 11.341 11.341 11.33 11.317 11.317 11.297 11.264 11.264 11.216 11.151 11.151 11.07 11.07 10.973 10.863 10.863 10.741 10.608 10.608 10.46 10.46 10.291 10.093 10.093 9.865 9.6059 9.6059 9.314 8.9961 8.9961 8.6615
10.961 11.041 11.121 11.121 11.201 11.281 11.281 11.346 11.346 11.389 11.408 11.408 11.417 11.425 11.425 11.433 11.441 11.441 11.449 11.449 11.457 11.464 11.464 11.47 11.475 11.475 11.478 11.478 11.479 11.477 11.477 11.472 11.463 11.463 11.451 11.436 11.436 11.421 11.421 11.404 11.387 11.387 11.372 11.358 11.358 11.344 11.344 11.326 11.302 11.302 11.269 11.218 11.218 11.148 11.057 11.057 10.947 10.947 10.822 10.685 10.685 10.537 10.384 10.384 10.224 10.054 10.054 9.8604 9.8604 9.6402 9.395 9.395 9.1261 8.8403 8.8403 8.4988
10.946 11.022 11.101 11.101 11.182 11.261 11.261 11.329 11.329 11.38 11.41 11.41 11.426 11.436 11.436 11.443 11.45 11.45 11.457 11.457 11.464 11.47 11.47 11.476 11.481 11.481 11.485 11.486 11.486 11.483 11.483 11.477 11.467 11.467 11.454 11.439 11.439 11.422 11.422 11.403 11.383 11.383 11.363 11.344 11.344 11.32 11.287 11.287 11.241 11.241 11.183 11.108 11.108 11.011 10.891 10.891 10.753 10.753 10.6 10.439 10.439 10.271 10.106 10.106 9.9407 9.7676 9.9183 9.7259 9.7259 9.5117 9.2804 9.2804 9.0334 8.7233 8.7233 8.3667
10.887 10.969 11.053 11.053 11.139 11.222 11.222 11.298 11.362 11.362 11.407 11.407 11.434 11.448 11.448 11.455 11.46 11.46 11.465 11.465 11.471 11.473 11.473 11.479 11.484 11.484 11.487 11.487 11.487 11.485 11.485 11.478 11.468 11.468 11.454 11.437 11.437 11.418 11.418 11.395 11.368 11.368 11.341 11.314 11.314 11.282 11.239 11.239 11.181 11.181 11.113 11.029 11.029 10.923 10.791 10.791 10.639 10.639 10.473 10.3 10.3 10.124 9.9512 9.9512 9.7798 9.6025 9.6025 9.4125 9.4125 9.2172 8.9659 8.9659 8.6666 8.1379 8.1379 8
10.84 10.928 11.019 11.019 11.11 11.198 11.198 11.279 11.35 11.35 11.402 11.402 11.436 11.452 11.452 11.46 11.465 11.465 11.469 11.469 11.473 11.478 11.478 11.482 11.486 11.486 11.489 11.489 11.489 11.485 11.485 11.477 11.465 11.465 11.45 11.428 11.428 11.398 11.357 11.357 11.31 11.31 11.26 11.212 11.212 11.157 11.092 11.092 11.017 11.017 10.935 10.837 10.837 10.713 10.559 10.559 10.382 10.195 10.195 10.004 10.004 9.8091 9.6152 9.6152 9.426 9.2427 9.2427 9.0611 9.0611 8.8348 8.5211 8.5211 8.1182 8.0173 8.0173 8.6625
10.816 10.816 10.923 10.923 11.025 11.122 11.122 11.212 11.294 11.294 11.361 11.361 11.412 11.442 11.442 11.459 11.468 11.468 11.473 11.477 11.477 11.48 11.48 11.484 11.487 11.487 11.489 11.489 11.489 11.485 11.485 11.476 11.463 11.463 11.444 11.415 11.415 11.371 11.311 11.311 11.242 11.242 11.17 11.099 11.099 11.02 10.937 10.937 10.848 10.848 10.754 10.74 10.74 10.607 10.444 10.444 10.259 10.062 10.062 9.8587 9.8587 9.6486 9.44 9.44 9.2406 9.0513 9.0513 8.8684 8.8684 8.6447 8.0983 8.0983 8.0083 8.682 8.682 8.5757
10.686 10.686 10.814 10.814 10.927 11.028 11.075 11.167 11.251 11.251 11.324 11.324 11.382 11.421 11.421 11.447 11.463 11.463 11.472 11.478 11.478 11.481 11.481 11.484 11.487 11.487 11.489 11.489 11.489 11.483 11.483 11.473 11.455 11.455 11.431 11.395 11.395 11.343 11.274 11.274 11.195 11.195 11.112 11.031 11.031 10.944 10.854 10.854 10.759 10.661 10.661 10.544 10.544 10.399 10.222 10.222 10.018 9.7926 9.7926 9.5526 9.5526 9.3048 9.0651 9.0651 8.8435 8.5968 8.5968 8.3684 8.1874 8.1874 8.559 8.559 8.427 8.3119 8.3119 8.2217
10.613 10.613 10.757 10.757 10.878 10.982 10.982 11.072 11.152 11.152 11.223 11.286 11.286 11.336 11.336 11.379 11.413 11.413 11.439 11.458 11.458 11.468 11.468 11.476 11.48 11.48 11.481 11.475 11.475 11.46 11.435 11.435 11.399 11.399 11.356 11.302 11.302 11.233 11.151 11.151 11.064 11.064 10.978 10.89 10.89 10.794 10.693 10.693 10.587 10.471 10.471 10.33 10.33 10.152 9.9421 9.9421 9.7035 9.4453 9.4453 9.1741 9.1741 8.9032 8.6118 8.6118 8.3068 7.837 7.837 7.7678 8.218 8.218 7.9508 7.9508 7.6967 7.4848 7.4848 7.3651
10.467 10.467 10.636 10.636 10.776 10.886 10.886 10.972 11.04 11.04 11.101 11.155 11.155 11.204 11.204 11.249 11.291 11.291 11.327 11.356 11.356 11.375 11.375 11.388 11.394 11.394 11.391 11.379 11.379 11.352 11.315 11.315 11.266 11.266 11.212 11.151 11.233 11.162 11.08 11.08 10.995 10.995 10.91 10.821 10.821 10.72 10.609 10.609 10.49 10.357 10.357 10.194 10.194 9.9943 9.763 9.763 9.5085 9.2393 9.2393 8.9621 8.9621 8.655 8.3333 8.3333 7.8578 7.6643 7.6643 7.4427 7.8884 7.8884 7.5193 7.5193 7.1651 6.8716 6.8716 6.7029
10.405 10.405 10.587 10.587 10.736 10.849 10.849 10.932 10.993 10.993 11.047 11.094 11.094 11.137 11.137 11.179 11.22 11.22 11.255 11.284 11.284 11.304 11.304 11.316 11.321 11.321 11.317 11.304 11.304 11.275 11.235 11.235 11.183 11.183 11.124 11.059 11.059 10.985 10.903 10.903 10.816 10.724 10.724 10.62 10.62 10.496 10.353 10.353 10.194 10.015 10.015 9.8102 9.8102 9.5735 9.3185 9.3185 9.0178 8.72 8.72 8.394 7.955 7.955 7.7394 7.7394 7.5 7.9289 7.9289 7.496 6.9837 6.9837 6.4036 6.4036 5.857 5.1914 5.1914 4.9973
10.301 10.301 10.512 10.684 10.684 10.81 10.81 10.894 10.946 10.946 10.982 11.009 11.009 11.034 11.034 11.059 11.088 11.088 11.116 11.142 11.142 11.161 11.172 11.172 11.175 11.175 11.167 11.148 11.148 11.112 11.063 11.063 11.001 11.001 10.931 10.852 10.852 10.767 10.674 10.674 10.571 10.455 10.455 10.316 10.316 10.151 9.9645 9.9645 9.7629 9.5468 9.5468 9.3147 9.3147 9.0384 8.7298 8.7298 8.2669 8.0552 8.0552 7.8328 7.5906 7.5906 8.0469 8.0469 7.6433 7.1293 7.5592 7.0348 6.4332 6.4332 5.7774 5.7774 4.9816 4.6092 4.6092 4.4054
10.217 10.217 10.441 10.625 10.625 10.761 10.761 10.85 10.9 10.9 10.926 10.94 10.94 10.949 10.949 10.959 10.972 10.972 10.986 11.001 11.001 11.088 11.098 11.098 11.099 11.099 11.087 11.062 11.062 11.022 10.969 10.969 10.902 10.902 10.827 10.743 10.743 10.652 10.548 10.548 10.43 10.292 10.292 10.128 10.128 9.9391 9.731 9.731 9.4723 9.2121 9.2121 8.9481 8.692 8.692 8.2872 8.2872 8.08 7.8592 7.8592 7.6181 8.0857 8.0857 7.6959 7.6959 7.2151 6.6281 6.6281 5.97 5.0355 5.0355 4.5003 4.0553 4.0553 3.752 3.752 3.6223
10.185 10.185 10.409 10.592 10.592 10.727 10.727 10.816 10.867 10.867 10.891 10.902 10.902 10.909 10.916 10.916 10.924 10.924 10.933 10.942 10.942 10.949 10.95 10.95 10.943 10.943 10.922 10.89 10.89 10.845 10.785 10.785 10.708 10.615 10.615 10.502 10.502 10.374 10.227 10.227 10.061 9.8761 9.8761 9.6674 9.6674 9.4419 9.1685 9.1685 8.6256 8.4472 8.4472 8.2599 8.0616 8.0616 7.8476 7.8476 8.4081 8.0894 8.0894 7.7189 7.2696 7.2696 6.7388 6.7388 6.1387 5.481 5.481 4.662 4.1798 4.1798 3.7936 3.5411 3.5411 3.4435 3.4435 3.507
10.134 10.134 10.354 10.531 10.531 10.662 10.662 10.749 10.798 10.798 10.821 10.831 10.831 10.836 10.84 10.84 10.844 10.844 10.848 10.85 10.85 10.85 10.843 10.843 10.826 10.826 10.796 10.749 10.749 10.683 10.593 10.593 10.479 10.338 10.338 10.173 10.173 9.99 9.795 9.795 9.5532 9.3066 9.3066 9.049 9.049 8.7974 8.4016 8.4016 8.2015 7.9923 7.9923 8.0273 7.8126 7.8126 8.3756 8.3756 8.0593 7.6928 7.6928 7.2511 6.7343 6.7343 6.1531 5.5328 5.5328 4.7136 4.7136 4.2456 3.8581 3.8581 3.5884 3.4617 3.4617 3.4875 3.4875 3.6643
10.105 10.105 10.314 10.48 10.48 10.602 10.63 10.715 10.762 10.762 10.784 10.792 10.792 10.796 10.799 10.799 10.801 10.801 10.803 10.803 10.803 10.8 10.788 10.788 10.764 10.724 10.724 10.663 10.663 10.58 10.467 10.467 10.328 10.162 10.162 9.974 9.974 9.7701 9.5247 9.5247 9.2415 8.7715 8.7715 8.5892 8.394 8.394 8.187 8.187 8.8542 8.5913 8.5913 8.3029 7.9807 7.9807 7.6136 7.6136 7.1768 6.6709 6.6709 6.11 5.5197 5.5197 4.7271 4.307 4.307 3.9616 3.9616 3.713 3.5764 3.5764 3.5616 3.6733 3.6733 3.9084 3.9084 4.2572
10.106 10.106 10.308 10.469 10.469 10.584 10.659 10.659 10.699 10.699 10.716 10.72 10.72 10.717 10.712 10.712 10.705 10.705 10.696 10.682 10.682 10.662 10.627 10.627 10.578 10.511 10.511 10.419 10.419 10.3 10.147 10.147 9.9695 9.7689 9.7689 9.5229 9.5229 9.2413 8.8055 8.8055 8.6161 8.4145 8.4145 8.1997 8.8705 8.8705 8.5983 8.5983 8.3009 7.9708 7.9708 7.5977 7.1568 7.1568 6.6477 6.6477 6.0829 5.4905 5.4905 4.6942 4.2943 4.2943 3.9867 3.792 3.792 3.7103 3.7103 3.731 3.8395 3.8395 4.0261 4.2842 4.2842 4.6087 -9999 -9999
10.139 10.139 10.327 10.476 10.476 10.582 10.648 10.648 10.681 10.681 10.687 10.676 10.676 10.653 10.623 10.623 10.589 10.589 10.552 10.51 10.51 10.462 10.401 10.401 10.33 10.24 10.24 10.122 10.122 9.9719 9.7886 9.7886 9.5606 9.3187 9.3187 9.0219 9.2867 8.8421 8.648 8.648 8.4424 8.2246 8.2246 8.897 8.6226 8.6226 8.3248 8.3248 7.9968 7.6285 7.6285 7.2097 6.7048 6.7048 6.139 5.5373 5.5373 4.7062 4.7062 4.2917 3.9773 3.9773 3.7874 3.7275 3.7275 3.7793 3.7793 3.9172 4.1161 4.1161 -9999 -9999 -9999 -9999 -9999 -9999
10.155 10.155 10.333 10.472 10.472 10.569 10.63 10.63 10.658 10.658 10.657 10.638 10.638 10.604 10.564 10.564 10.518 10.469 10.469 10.415 10.415 10.358 10.289 10.289 10.208 10.105 10.105 9.9721 9.9721 9.8078 9.5914 9.5914 9.3365 8.9548 8.9548 8.7548 8.5403 8.5403 8.3134 8.3134 8.9848 8.7028 8.7028 8.399 8.07 8.07 7.7097 7.7097 7.3103 6.8634 6.8634 6.3549 5.7646 5.7646 5.1514 4.3868 4.3868 4.0061 4.0061 3.751 3.6493 3.6493 3.6975 3.8697 3.8697 -9999 -9999 -9999 -9999 -9999 -9999 -9999 -9999 -9999 -9999 -9999
10.141 10.141 10.291 10.403 10.403 10.48 10.526 10.526 10.544 10.544 10.534 10.505 10.505 10.461 10.411 10.411 10.351 10.287 10.287 10.217 10.217 10.144 10.056 10.056 9.9516 9.8221 9.8221 9.6661 9.6661 9.4524 9.1038 9.1038 8.9136 8.7013 8.7013 8.4705 8.224 8.224 8.8538 8.8538 8.5432 8.204 8.204 7.8327 7.4255 7.4255 6.9797 6.9797 6.481 5.9367 5.9367 5.361 4.7649 4.7649 4.0616 3.7044 3.7044 3.4838 3.4838 3.4266 3.5345 3.5345 3.7727 -9999 -9999 -9999 -9999 -9999 -9999 -9999 -9999 -9999 -9999 -9999 -9999 -9999
10.102 10.102 10.221 10.307 10.307 10.363 10.393 10.393 10.4 10.4 10.382 10.346 10.346 10.298 10.243 10.243 10.178 10.106 10.106 10.024 10.116 10.035 9.939 9.939 9.8255 9.6876 9.6876 9.5122 9.2835 9.2835 9.0022 9.0022 8.7991 8.5735 8.5735 8.3288 8.9627 8.9627 8.6541 8.6541 8.3165 7.9426 7.9426 7.529 7.0556 7.0556 6.5449 5.9902 5.9902 5.4036 5.4036 4.8024 4.0543 4.0543 3.6324 3.3231 3.3231 3.1817 3.1817 3.2245 3.4402 3.4402 3.7717 -9999 -9999 -9999 -9999 -9999 -9999 -9999 -9999 -9999 -9999 -9999 -9999 -9999
10.085 10.085 10.188 10.26 10.26 10.303 10.325 10.325 10.326 10.305 10.305 10.268 10.268 10.221 10.167 10.167 10.103 10.029 10.029 9.9446 9.9446 9.8519 9.7442 9.7442 9.6026 9.4266 9.4266 9.168 8.9935 8.9935 8.7938 8.7938 8.5702 9.2203 9.2203 8.9325 8.6147 8.6147 8.261 8.261 7.8625 7.4089 7.4089 6.8818 6.2763 6.2763 5.6506 4.7185 4.7185 4.1975 4.1975 3.6803 3.108 3.108 2.414 1.8518 1.8518 1.5829 1.5829 1.9985 2.7359 2.7359 -9999 -9999 -9999 -9999 -9999 -9999 -9999 -9999 -9999 -9999 -9999 -9999 -9999 -9999
10.058 10.058 10.128 10.173 10.173 10.194 10.198 10.198 10.187 10.161 10.161 10.125 10.125 10.08 10.029 10.029 9.9664 9.8918 9.8918 9.8012 9.8012 9.6829 9.5337 9.5337 9.3026 9.1542 9.1542 8.9834 8.7908 8.7908 9.4743 9.4743 9.2195 8.9379 8.9379 8.6249 8.2696 8.2696 7.8611 7.3889 7.3889 6.8317 6.8317 6.1878 5.4958 5.4958 4.5905 4.1002 4.1002 3.6385 3.8654 3.3632 2.7287 2.7287 1.8247 0 0 0 0 0 2.2998 2.2998 -9999 -9999 -9999 -9999 -9999 -9999 -9999 -9999 -9999 -9999 -9999 -9999 -9999 -9999
