data/Petrone_etal_2016/Sediment_thickness/tbl_sed_thick_glacial_dep_wgs84.asc
ncols         865
nrows         297
xllcorner     -50.201966770779
yllcorner     67.120544222588
cellsize      7.2999999999998e-005
NODATA_value  -9999
[rows 238 to 271 of 297, columns 152 to 227 of 865]
6.6056 6.3055 6.3055 5.945 5.945 5.5412 5.1254 5.1254 4.7287 4.3794 4.3794 4.0924 3.8774 3.8774 3.7349 3.7349 3.6702 3.6913 3.6913 3.8119 4.0386 4.0386 4.3673 4.7759 4.7759 5.2267 5.2267 5.6719 6.0709 6.0709 6.3986 6.6514 6.6514 6.8401 6.8401 6.9849 7.1031 7.1031 7.206 7.2969 7.2969 7.3756 7.4409 7.4409 7.4923 7.4923 7.5295 7.5517 7.5517 7.5568 7.5417 7.5417 7.5023 7.4351 7.4351 7.3389 7.3389 7.2151 7.0682 7.0682 6.9044 6.7303 6.7303 6.5513 6.5513 6.3709 6.1906 6.1906 6.0104 5.8271 5.8271 5.6337 5.414 5.414 5.1488 5.1488
6.933 6.7379 6.7379 6.5051 6.2376 6.2376 5.9469 5.9469 5.6465 5.3552 5.3552 5.0894 4.869 4.869 4.7101 4.7101 4.6305 4.6421 4.6421 4.7508 4.9491 4.9491 5.2177 5.5275 5.5275 5.8445 5.8445 6.139 6.3926 6.3926 6.6008 6.7698 6.7698 6.9106 7.0344 7.0344 7.148 7.148 7.2532 7.3481 7.3481 7.4308 7.4998 7.4998 7.5549 7.5549 7.5963 7.6238 7.6238 7.6359 7.6295 7.6295 7.601 7.547 7.547 7.4659 7.4659 7.3589 7.2298 7.2298 7.084 6.9268 6.9268 6.762 6.5916 6.5916 6.4152 6.4152 6.2321 6.0411 6.0411 5.8414 5.6329 5.6329 5.415 5.2807
7.1839 7.0473 7.0473 6.8974 6.7341 6.7341 6.5596 6.5596 6.3769 6.1932 6.1932 6.018 5.8655 5.8655 5.7504 5.6873 5.6873 5.6849 5.6849 5.7443 5.8567 5.8567 6.0062 6.1738 6.1738 6.3417 6.3417 6.4985 6.6395 6.6395 6.6868 6.8259 6.8259 6.9507 7.0672 7.0672 7.1782 7.1782 7.2825 7.3772 7.3772 7.46 7.5297 7.5297 7.586 7.6293 7.6293 7.6597 7.6597 7.6758 7.6749 7.6749 7.6533 7.6077 7.6077 7.5365 7.5365 7.4404 7.3231 7.3231 7.1892 7.0434 7.0434 6.8888 6.7263 6.7263 6.5551 6.5551 6.3737 6.1814 6.1814 5.9793 5.7696 5.7696 5.5554 5.3395
7.2956 7.1736 7.1736 7.0454 6.9117 6.9117 6.7739 6.7739 6.6337 6.4952 6.4952 6.3641 6.2499 6.2499 6.1625 6.1119 6.1119 6.1037 6.1037 6.1381 6.2088 6.2088 6.305 6.4149 6.4149 6.528 6.528 6.6386 6.7449 6.7449 6.8485 6.9516 6.9516 7.0556 7.16 7.16 7.2626 7.2626 7.3601 7.4493 7.4493 7.5281 7.5955 7.5955 7.6517 7.6974 7.6974 7.7329 7.7329 7.7574 7.7685 7.7685 7.7627 7.7368 7.7368 7.6887 7.6887 7.6184 7.5284 7.5284 7.4221 7.3029 7.3029 7.1725 7.0303 7.0303 6.8741 6.8741 6.7018 6.5125 6.5125 6.3089 6.0953 6.0953 5.8769 5.6578
7.4767 7.3732 7.3732 7.2697 7.1684 7.1684 7.071 7.071 6.9791 6.8947 6.8947 6.8198 6.7569 6.7569 6.7086 6.6769 6.6769 6.663 6.663 6.6668 6.6868 6.6868 6.7208 6.7661 6.7661 6.8207 6.8833 6.8833 6.9534 6.9534 7.0305 7.1139 7.1139 7.2017 7.2915 7.2915 7.3803 7.3803 7.4648 7.5425 7.5425 7.6118 7.6725 7.6725 7.7251 7.7707 7.7707 7.8099 7.8099 7.8421 7.8654 7.8654 7.8766 7.8721 7.8721 7.8493 7.807 7.807 7.7463 7.7463 7.5452 7.4402 7.4402 7.3227 7.1916 7.1916 7.0444 7.0444 6.8782 6.6925 6.6925 6.4899 6.2753 6.2753 6.0548 5.8329
7.5883 7.5041 7.5041 7.4223 7.3445 7.3445 7.2717 7.205 7.205 7.1453 7.1453 7.0938 7.0514 7.0514 7.0187 6.8538 6.8538 6.8399 6.8399 6.8386 6.8494 6.8494 6.8717 6.9048 6.9048 6.9478 7.0003 7.0003 7.0614 7.0614 7.1303 7.2057 7.2057 7.2855 7.367 7.367 7.4474 7.5238 7.5238 7.5943 7.5943 7.6576 7.7139 7.7139 7.7638 7.8087 7.8087 7.8493 7.8493 7.885 7.9141 7.9141 7.9335 7.9396 7.9396 7.9293 7.9009 7.9009 7.8547 7.8547 7.7924 7.7152 7.7152 7.623 7.5139 7.5139 7.3843 7.3843 7.2309 7.0528 7.0528 6.853 6.6371 6.6371 6.412 6.1833
7.6192 7.546 7.546 7.4762 7.4108 7.4108 7.3502 7.2947 7.2947 7.2452 7.2452 7.2022 7.1666 7.1666 7.1392 7.1203 7.1203 7.1103 7.1103 7.109 7.1164 7.1164 7.1323 7.1567 7.1567 7.1894 7.2302 7.2302 7.2787 7.2787 7.3339 7.3943 7.3943 7.4578 7.5221 7.5221 7.5847 7.6441 7.6441 7.6991 7.6991 7.7499 7.7971 7.7971 7.8418 7.8852 7.8852 7.9281 7.9281 7.9701 8.0096 8.0096 8.0438 8.0691 8.0691 8.0818 8.0793 8.0793 8.0605 8.0605 8.0253 7.9737 7.9737 7.9043 7.8141 7.8141 7.6989 7.5552 7.5552 7.3819 7.3819 7.182 6.9613 6.9613 6.7272 6.4858
7.6466 7.5963 7.5963 7.5509 7.5102 7.5102 7.4734 7.44 7.44 7.4098 7.4098 7.3832 7.3609 7.3609 7.3439 7.3329 7.3329 7.3284 7.3305 7.3305 7.3391 7.3391 7.3542 7.3757 7.3757 7.4034 7.4375 7.4375 7.4774 7.4774 7.5222 7.5701 7.5701 7.6193 7.6677 7.6677 7.714 7.7576 7.7576 7.7988 7.7988 7.8385 7.8782 7.8782 7.9189 7.9617 7.9233 7.9674 8.0121 8.0121 8.056 8.056 8.0964 8.1297 8.1297 8.1523 8.1611 8.1611 8.1544 8.1544 8.1313 8.0909 8.0909 8.0311 7.9483 7.9483 7.8382 7.6971 7.6971 7.5239 7.5239 7.3216 7.096 7.096 6.8546 6.6036
7.6559 7.6121 7.6121 7.5782 7.549 7.549 7.5231 7.4997 7.4997 7.4782 7.4782 7.4589 7.4425 7.4425 7.4302 7.4226 7.4226 7.4206 7.4243 7.4243 7.4338 7.4338 7.449 7.4698 7.4698 7.4963 7.5284 7.5284 7.5655 7.5655 7.6066 7.6499 7.6499 7.6933 7.7352 7.7352 7.7746 7.8115 7.8115 7.8468 7.8468 7.8821 7.9188 7.9188 7.9582 8.001 8.001 8.0473 8.0966 8.0966 8.1472 8.1472 8.1967 8.242 8.242 8.2795 8.3058 8.3058 8.3181 8.3181 8.3141 8.2911 8.2911 8.245 8.1714 8.1714 8.0652 7.9229 7.9229 7.7435 7.7435 7.5301 7.2887 7.2887 7.0264 6.75
7.6636 7.6436 7.6436 7.6299 7.6206 7.6206 7.6136 7.6072 7.6072 7.6006 7.6006 7.5938 7.5875 7.5875 7.5829 7.581 7.581 7.5828 7.5889 7.5889 7.5994 7.5994 7.6146 7.6346 7.6346 7.6594 7.6891 7.6891 7.7228 7.759 7.759 7.7956 7.7956 7.8306 7.8625 7.8625 7.8909 7.9169 7.9169 7.9427 7.9427 7.9706 8.0026 8.0026 8.0397 8.0825 8.0825 8.1304 8.1823 8.1823 8.2365 8.2365 8.2908 8.3421 8.3421 8.3874 8.4232 8.4232 8.4463 8.4528 8.4528 8.4384 8.4384 8.3976 8.3243 8.3243 8.2132 8.0607 8.0607 7.8667 7.8667 7.6347 7.3709 7.3709 7.083 6.7779
7.6993 7.6949 7.6949 7.697 7.7031 7.7031 7.7105 7.7171 7.7171 7.7217 7.7243 7.7243 7.7257 7.7257 7.7271 7.7296 7.7296 7.7342 7.7417 7.7417 7.7525 7.7525 7.767 7.7857 7.7857 7.8088 7.8362 7.8362 7.8671 7.8995 7.8995 7.9311 7.8642 7.8958 7.9236 7.9236 7.9475 7.9691 7.9691 7.9909 8.0156 8.0156 8.0454 8.0454 8.0815 8.1239 8.1239 8.172 8.2244 8.2244 8.2793 8.2793 8.3343 8.3867 8.3867 8.4335 8.4713 8.4713 8.4967 8.5055 8.5055 8.4925 8.4925 8.4515 8.3759 8.3759 8.26 8.1006 8.1006 7.8977 7.6555 7.6555 7.3806 7.3806 7.0807 6.763
7.7297 7.732 7.732 7.7406 7.7528 7.7528 7.7657 7.7771 7.7771 7.786 7.7922 7.7922 7.7967 7.7967 7.8005 7.805 7.805 7.8109 7.819 7.819 7.8298 7.8298 7.8439 7.8615 7.8615 7.8833 7.9092 7.9092 7.9381 7.9682 7.9682 7.9969 7.9969 8.0219 8.0419 8.0419 8.0574 8.0707 8.0707 8.0852 8.1041 8.1041 8.1297 8.1297 8.1631 8.2039 8.2039 8.2509 8.3023 8.3023 8.3561 8.3561 8.4099 8.4613 8.4613 8.5076 8.5458 8.5458 8.572 8.5815 8.5815 8.5682 8.5682 8.5245 8.4433 8.4433 8.3184 8.1472 8.1472 7.9305 7.6734 7.6734 7.383 7.383 7.0676 6.7345
7.8151 7.829 7.829 7.8482 7.8699 7.8699 7.8911 7.9098 7.9098 7.9249 7.9367 7.9367 7.9461 7.9461 7.9543 7.9622 7.9622 7.9707 7.9801 7.9801 7.9908 8.0032 8.0032 8.0181 8.0181 8.0359 8.0569 8.0569 8.0801 8.1036 8.1036 8.1248 8.1248 8.1414 8.1526 8.1526 8.1592 8.1644 8.1644 8.1718 8.185 8.185 8.2062 8.2062 8.236 8.2736 8.2736 8.3174 8.3652 8.3652 8.4151 8.4648 8.4648 8.5124 8.5124 8.5555 8.5914 8.5914 8.6162 8.6249 8.6249 8.6108 8.6108 8.5483 8.4654 8.4654 8.3384 8.1648 8.1648 7.9456 7.6862 7.6862 7.3938 7.3938 7.0768 6.7424
7.9253 7.9483 7.9755 7.9755 8.0041 8.0041 8.0314 8.0553 8.0553 8.0753 8.0916 8.0916 8.1053 8.1053 8.1174 8.1286 8.1286 8.1391 8.0639 8.0639 8.0742 8.0855 8.0855 8.0983 8.0983 8.1135 8.1312 8.1312 8.1506 8.1698 8.1698 8.1863 8.198 8.198 8.2042 8.2042 8.2061 8.207 8.207 8.2108 8.2211 8.2211 8.2399 8.2399 8.2675 8.303 8.303 8.3444 8.3896 8.3896 8.4367 8.4837 8.4837 8.5288 8.5288 8.5698 8.6042 8.6042 8.6283 8.6368 8.6368 8.623 8.5793 8.5793 8.4981 8.4981 8.374 8.2047 8.2047 7.9918 7.7403 7.7403 7.457 7.457 7.1498 6.8259
7.9847 8.0112 8.0417 8.0417 8.0732 8.0732 8.1032 8.1297 8.1297 8.1521 8.1708 8.1708 8.1867 8.1867 8.2007 8.2132 8.2132 8.2244 8.2342 8.2342 8.2426 8.2501 8.2501 8.2577 8.2577 8.2663 8.2762 8.2762 8.2869 8.2965 8.2965 8.3027 8.3037 8.3037 8.2993 8.2993 8.2914 8.2836 8.2836 8.28 8.2841 8.2841 8.2974 8.2974 8.3198 8.3498 8.3498 8.3854 8.4243 8.4243 8.465 8.5059 8.5059 8.5456 8.5456 8.5825 8.6143 8.6143 8.6373 8.6464 8.6464 8.6349 8.5956 8.5956 8.5215 8.5215 8.4078 8.2526 8.2526 8.0573 7.8262 7.8262 7.5652 7.5652 7.2811 6.9806
8.1011 8.1328 8.1684 8.1684 8.2051 8.2051 8.2403 8.2722 8.2722 8.3 8.3239 8.3239 8.3443 8.3617 8.3617 8.3761 8.3761 8.3874 8.3953 8.3953 8.4001 8.4026 8.4026 8.4038 8.4038 8.4052 8.4072 8.4072 8.4091 8.4093 8.4093 8.4056 8.3965 8.3965 8.3823 8.3823 8.3652 8.3492 8.3492 8.3385 8.3361 8.3361 8.3434 8.3597 8.3597 8.3833 8.3833 8.4122 8.4444 8.4357 8.473 8.5109 8.5109 8.5482 8.5482 8.5834 8.6142 8.6142 8.6371 8.6469 8.6469 8.6371 8.6007 8.6007 8.5312 8.5312 8.4239 8.2774 8.2774 8.0929 7.8742 7.8742 7.6268 7.3568 7.3568 7.0709
8.2082 8.2427 8.2814 8.2814 8.2653 8.2653 8.303 8.3376 8.3376 8.3682 8.3945 8.3945 8.417 8.4356 8.4356 8.4503 8.4503 8.4609 8.4673 8.4673 8.4698 8.4694 8.4694 8.4675 8.4654 8.4654 8.4638 8.4638 8.4619 8.458 8.458 8.45 8.4367 8.4367 8.4183 8.4183 8.3975 8.3781 8.3781 8.3643 8.359 8.359 8.3633 8.3765 8.3765 8.3969 8.3969 8.4224 8.4513 8.4513 8.4826 8.5154 8.5154 8.5487 8.5815 8.5815 8.6115 8.6115 8.635 8.6471 8.6471 8.6413 8.6111 8.6111 8.5508 8.5508 8.4565 8.3273 8.3273 8.1646 7.9715 7.9715 7.7524 7.5125 7.5125 7.2576
8.2597 8.2946 8.3342 8.3342 8.3759 8.3759 8.4172 8.4559 8.4559 8.4907 8.5207 8.5207 8.5457 8.5653 8.5653 8.5792 8.5792 8.5871 8.5893 8.5893 8.5866 8.5803 8.5803 8.5723 8.564 8.564 8.556 8.556 8.5476 8.5372 8.5372 8.5226 8.5028 8.5028 8.4784 8.4784 8.4522 8.4279 8.4279 8.4094 8.3994 8.3994 8.3986 8.4062 8.4062 8.4205 8.4205 8.4399 8.4632 8.4632 8.4896 8.5188 8.5188 8.5499 8.5819 8.5819 8.6125 8.6125 8.6379 8.6529 8.6529 8.6515 8.6276 8.6276 8.5761 8.5761 8.4942 8.3816 8.3816 8.2399 8.0719 8.0719 7.8811 7.6719 7.6719 7.4493
8.3634 8.3973 8.4364 8.4364 8.4782 8.5203 8.5203 8.5601 8.5601 8.596 8.6268 8.6268 8.6517 8.6702 8.6702 8.6816 8.6816 8.6859 8.6835 8.6835 8.6754 8.6634 8.6634 8.6497 8.6358 8.6358 8.6223 8.6223 8.6087 8.5932 8.5932 8.574 8.5503 8.5503 8.5025 8.4746 8.4746 8.4489 8.4489 8.4289 8.4172 8.4172 8.4143 8.4194 8.4194 8.4311 8.4311 8.4477 8.4685 8.4685 8.493 8.5208 8.5208 8.5514 8.5834 8.5834 8.6147 8.6147 8.6414 8.6582 8.6582 8.6594 8.6389 8.6389 8.5922 8.5168 8.5168 8.4127 8.4127 8.2816 8.1263 8.1263 7.9499 7.7563 7.7563 7.5501
8.415 8.4474 8.485 8.485 8.5256 8.5667 8.5667 8.6058 8.6058 8.641 8.6711 8.6711 8.6952 8.7126 8.7126 8.7228 8.7228 8.7255 8.7212 8.7212 8.7109 8.6965 8.6965 8.6802 8.6637 8.6637 8.6477 8.6477 8.6317 8.614 8.614 8.593 8.5678 8.5678 8.5393 8.5099 8.5099 8.4828 8.4828 8.4613 8.4473 8.4473 8.4411 8.4421 8.4421 8.4488 8.4488 8.4604 8.4766 8.4766 8.4973 8.5228 8.5228 8.5524 8.585 8.585 8.6181 8.6181 8.6478 8.6692 8.6692 8.6766 8.6647 8.6647 8.6297 8.5696 8.5696 8.4848 8.4848 8.377 8.2486 8.2486 8.1019 7.9403 7.9403 7.7677
8.5095 8.5363 8.5682 8.5682 8.6036 8.64 8.64 8.675 8.675 8.7069 8.7344 8.7344 8.7566 8.7726 8.7726 8.7816 8.7833 8.7833 8.7775 8.7775 8.7653 8.7483 8.7483 8.7285 8.7079 8.7079 8.6873 8.6873 8.6666 8.6447 8.6447 8.6203 8.5929 8.5929 8.5632 8.5335 8.5335 8.5065 8.5065 8.4848 8.4696 8.4696 8.4612 8.4586 8.4586 8.4608 8.4674 8.4674 8.4787 8.4787 8.4952 8.5176 8.5176 8.5457 8.5782 8.5782 8.6128 8.6128 8.6459 8.6727 8.6727 8.6882 8.6878 8.6878 8.6682 8.5985 8.5985 8.525 8.525 8.4301 8.3161 8.3161 8.185 8.0399 8.0399 7.8844
8.5771 8.5951 8.6181 8.6181 8.645 8.6738 8.6738 8.7025 8.7025 8.7297 8.7542 8.7542 8.7753 8.792 8.792 8.8032 8.8078 8.8078 8.8052 8.8052 8.7837 8.7669 8.7669 8.7466 8.7248 8.7248 8.7025 8.6797 8.6797 8.6558 8.6558 8.6297 8.6012 8.6012 8.5711 8.5415 8.5415 8.5149 8.5149 8.4933 8.4779 8.4779 8.4686 8.4644 8.4644 8.4645 8.4686 8.4686 8.4772 8.4772 8.4913 8.5116 8.5116 8.5383 8.5703 8.5703 8.6053 8.6399 8.6399 8.6696 8.6696 8.6897 8.696 8.696 8.6853 8.6559 8.6559 8.6077 8.6077 8.5415 8.4586 8.4586 8.3604 8.2494 8.2494 8.1289
8.5973 8.61 8.6276 8.6276 8.6493 8.6736 8.6736 8.6987 8.6987 8.7234 8.7468 8.7468 8.768 8.7859 8.7859 8.7994 8.8069 8.8069 8.8076 8.8076 8.8009 8.7878 8.7878 8.7693 8.7474 8.7474 8.7231 8.6973 8.6973 8.67 8.67 8.6411 8.6109 8.6109 8.5803 8.5514 8.5514 8.5259 8.5259 8.5053 8.49 8.49 8.4795 8.4726 8.4726 8.4686 8.4676 8.4676 8.4707 8.4707 8.4793 8.4947 8.4947 8.5176 8.5474 8.5474 8.5822 8.619 8.619 8.6541 8.6541 8.6835 8.7035 8.7035 8.7115 8.7056 8.7056 8.6852 8.6852 8.65 8.6004 8.6004 8.5371 8.4619 8.4619 8.3774
8.6109 8.6115 8.6172 8.6172 8.6278 -9999 -9999 -9999 -9999 -9999 -9999 -9999 -9999 8.7473 8.7473 8.7669 8.7818 8.7818 8.7903 8.7903 8.7913 8.7845 8.7845 8.7707 8.7513 8.7513 8.7275 8.7008 8.7008 8.6718 8.6718 8.6415 8.6108 8.6108 8.5812 8.5541 8.5541 8.531 8.5126 8.5126 8.4984 8.4984 8.4875 8.4786 8.4786 8.4712 8.4656 8.4656 8.4635 8.4635 8.4666 8.4855 8.4855 8.5062 8.5345 8.5345 8.5687 8.6062 8.6062 8.6435 8.6435 8.6771 8.7036 8.7036 8.7205 8.726 8.726 8.7191 8.6993 8.6993 8.6664 8.6664 8.6207 8.5634 8.5634 8.4971
8.5961 -9999 -9999 -9999 -9999 -9999 -9999 -9999 -9999 -9999 -9999 -9999 -9999 -9999 -9999 8.7409 8.7597 8.7597 8.7722 8.7771 8.7771 8.7738 8.7738 8.7628 8.7453 8.7453 8.7227 8.6962 8.6962 8.6674 8.6674 8.6372 8.6071 8.6071 8.5787 8.5534 8.5534 8.5322 8.5155 8.5155 8.5024 8.5024 8.4917 8.4822 8.4822 8.4733 8.4657 8.4657 8.4612 8.4619 8.4619 8.47 8.47 8.4866 8.5118 8.5118 8.5444 8.5823 8.5823 8.6229 8.6229 8.663 8.7001 8.7001 8.732 8.757 8.757 8.7737 8.781 8.781 8.7781 8.7781 8.7644 8.7404 8.7404 8.7078
-9999 -9999 -9999 -9999 -9999 -9999 -9999 -9999 -9999 -9999 -9999 -9999 -9999 -9999 -9999 -9999 -9999 -9999 -9999 -9999 -9999 8.738 8.738 8.7328 8.7199 8.7199 8.7005 8.6765 8.6765 8.6496 8.6496 8.6216 8.5946 8.5946 8.5704 8.5504 8.5504 8.5348 8.523 8.523 8.5135 8.5135 8.5043 8.4941 8.4941 8.4827 8.4715 8.4715 8.4628 8.4593 8.4593 8.4636 8.4636 8.477 8.4997 8.4997 8.5309 8.5687 8.5687 8.6108 8.6108 8.6547 8.6982 8.6982 8.7394 8.7767 8.7767 8.8087 8.8341 8.8341 8.8519 8.8519 8.8612 8.862 8.862 8.8552
-9999 -9999 -9999 -9999 -9999 -9999 -9999 -9999 -9999 -9999 -9999 -9999 -9999 -9999 -9999 -9999 -9999 -9999 -9999 -9999 -9999 -9999 -9999 8.6904 8.6825 8.6825 8.6677 8.6477 8.6477 8.6247 8.6012 8.6012 8.5797 8.5797 8.562 8.5493 8.5493 8.5374 8.5287 8.5287 8.5215 8.5215 8.5135 8.5033 8.5033 8.4909 8.478 8.478 8.4673 8.462 8.462 8.4648 8.4648 8.477 8.4989 8.4989 8.5295 8.5672 8.5672 8.6096 8.6545 8.6545 8.6996 8.6996 8.7433 8.7838 8.7838 8.8199 8.8503 8.8503 8.8742 8.8742 8.8907 8.8997 8.8997 8.9018
-9999 -9999 -9999 -9999 -9999 -9999 -9999 -9999 -9999 -9999 -9999 -9999 -9999 -9999 -9999 -9999 -9999 -9999 -9999 -9999 -9999 -9999 -9999 -9999 8.6616 8.6616 8.6492 8.6316 8.6316 8.6112 8.5906 8.5906 8.5723 8.5723 8.5585 8.5501 8.5501 8.5462 8.5449 8.5449 8.5432 8.5382 8.5382 8.5285 8.5285 8.5144 8.4985 8.4985 8.4844 8.4759 8.4759 8.4761 8.4761 8.4865 8.5072 8.5072 8.537 8.5742 8.5742 8.6166 8.662 8.662 8.7081 8.7081 8.7533 8.7958 8.7958 8.8346 8.8687 8.8687 8.8976 8.921 8.921 8.9389 8.9389 8.9516
-9999 -9999 -9999 -9999 -9999 -9999 -9999 -9999 -9999 -9999 -9999 -9999 -9999 -9999 -9999 -9999 -9999 -9999 -9999 -9999 -9999 -9999 -9999 -9999 -9999 -9999 -9999 8.5978 8.5978 8.5828 8.5684 8.5684 8.5574 8.5574 8.5519 8.5525 8.5525 8.5576 8.5644 8.5644 8.5689 8.5679 8.5679 8.5597 8.5597 8.5452 8.5273 8.5273 8.5106 8.4994 8.4994 8.4974 8.4974 8.506 8.5253 8.5253 8.554 8.5902 8.5902 8.6318 8.6763 8.6763 8.7216 8.7216 8.7657 8.807 8.807 8.8444 8.8737 8.8737 8.9029 8.9272 8.9272 8.9469 8.9469 8.962
-9999 -9999 -9999 -9999 -9999 -9999 -9999 -9999 -9999 -9999 -9999 -9999 -9999 -9999 -9999 -9999 -9999 -9999 -9999 -9999 -9999 -9999 -9999 -9999 -9999 -9999 -9999 -9999 -9999 8.5678 8.5564 8.5564 8.549 8.549 8.5478 8.5529 8.5529 8.5626 8.5735 8.5735 8.5815 8.583 8.583 8.5761 8.5761 8.5619 8.5437 8.5437 8.5261 8.5138 8.5138 8.5106 8.5181 8.5181 8.5364 8.5364 8.5642 8.5996 8.5996 8.6404 8.6842 8.6842 8.7287 8.7287 8.7719 8.8121 8.8121 8.8484 8.8803 8.8803 8.9081 8.932 8.932 8.9522 8.9522 8.9691
-9999 -9999 -9999 -9999 -9999 -9999 -9999 -9999 -9999 -9999 -9999 -9999 -9999 -9999 -9999 -9999 -9999 -9999 -9999 -9999 -9999 -9999 -9999 -9999 -9999 -9999 -9999 -9999 -9999 8.5348 8.5291 8.5291 8.5286 8.5286 8.5355 8.5495 8.5495 8.5685 8.5881 8.5881 8.6035 8.6108 8.6108 8.6079 8.6079 8.596 8.5785 8.5785 8.5604 8.5468 8.5468 8.5415 8.5465 8.5465 8.5622 8.5622 8.5873 8.6204 8.6204 8.659 8.7008 8.7008 8.7433 8.7433 8.7845 8.8226 8.8226 8.8567 8.8864 8.8864 8.9122 8.9344 8.9344 8.9533 8.9533 8.9689
-9999 -9999 -9999 -9999 -9999 -9999 -9999 -9999 -9999 -9999 -9999 -9999 -9999 -9999 -9999 -9999 -9999 -9999 -9999 -9999 -9999 -9999 -9999 -9999 -9999 -9999 -9999 -9999 -9999 -9999 8.4972 8.4972 8.5037 8.5186 8.5186 8.5415 8.5415 8.5697 8.5983 8.5983 8.6219 8.6361 8.6361 8.6389 8.6389 8.6312 8.6167 8.6167 8.6003 8.587 8.587 8.5808 8.5839 8.5637 8.5779 8.5779 8.6017 8.6333 8.6333 8.6706 8.7111 8.7111 8.7525 8.7925 8.7925 8.8294 8.8294 8.8623 8.8909 8.8909 8.9155 8.9365 8.9365 8.9541 8.9541 8.968
-9999 -9999 -9999 -9999 -9999 -9999 -9999 -9999 -9999 -9999 -9999 -9999 -9999 -9999 -9999 -9999 -9999 -9999 -9999 -9999 -9999 -9999 -9999 -9999 -9999 -9999 -9999 -9999 -9999 -9999 8.4805 8.4805 8.4908 8.51 8.51 8.5376 8.5376 8.5705 8.6036 8.6036 8.6313 8.6493 8.6493 8.6553 8.6505 8.6505 8.6383 8.6383 8.6235 8.6112 8.6112 8.6053 8.608 8.608 8.62 8.62 8.641 8.6694 8.6694 8.7034 8.7406 8.7406 8.7785 8.8149 8.8149 8.8481 8.8481 8.877 8.9014 8.9014 8.9215 8.9378 8.9378 8.9503 8.9586 8.9586
-9999 -9999 -9999 -9999 -9999 -9999 -9999 -9999 -9999 -9999 -9999 -9999 -9999 -9999 -9999 -9999 -9999 -9999 -9999 -9999 -9999 -9999 -9999 -9999 -9999 -9999 -9999 -9999 -9999 -9999 8.4483 8.4483 8.4676 8.4964 8.4964 8.5337 8.5337 8.576 8.6181 8.6181 8.6541 8.6796 8.6796 8.6926 8.6942 8.6942 8.6877 8.6877 8.6778 8.6689 8.6689 8.6647 8.6672 8.6672 8.6772 8.6772 8.6944 8.7178 8.7178 8.7457 8.776 8.776 8.8065 8.8349 8.8349 8.8594 8.8594 8.8788 8.8929 8.8929 8.9023 8.9076 8.9076 8.9091 8.9067 8.9067
