data/Petrone_etal_2016/Sediment_thickness/tbl_sed_thick_eo_lake_dep_wgs84.asc
ncols         866
nrows         297
xllcorner     -50.201966770779
yllcorner     67.120582669113
cellsize      7.2870550417999e-005
NODATA_value  -9999
[rows 204 to 237 of 297, columns 231 to 307 of 866]
0.52793 0.53157 0.53157 0.53663 0.54198 0.54198 0.54717 0.54717 0.55263 0.55815 0.55815 0.56417 0.5723 0.5723 0.58221 0.58221 0.59279 0.6043 0.6043 0.61653 0.62853 0.62853 0.64109 0.65431 0.65431 0.6677 0.6677 0.68046 0.69207 0.69207 0.69954 0.7036 0.7036 0.70516 0.70516 0.70473 0.70311 0.70311 0.70264 0.70281 0.70281 0.70331 0.70387 0.70387 0.70605 0.70605 0.71012 0.71851 0.71851 0.73041 0.73593 0.73593 0.75408 0.77438 0.77438 0.79461 0.79461 0 0 0 0 0 0 0.18265 0.18265 0.33685 0.46475 0.46475 0.57483 0.68481 0.68481 0.77948 0.85091 0.85091 0.90986 0.90986 0.97166
0.53974 0.54536 0.54536 0.5519 0.55798 0.55002 0.5555 0.5555 0.56102 0.56661 0.56661 0.57276 0.58116 0.58116 0.59131 0.60208 0.60208 0.61365 0.61365 0.62572 0.63742 0.63742 0.64962 0.66231 0.66231 0.67507 0.67507 0.68701 0.69752 0.69752 0.7037 0.70655 0.70655 0.70701 0.70575 0.70575 0.70383 0.70383 0.70347 0.704 0.704 0.70529 0.70714 0.70714 0.71091 0.71091 0.71686 0.72757 0.72757 0.74182 0.76079 0.76079 0.78281 0.80545 0.80545 0 0 0 0 0 0 0.21094 0.21094 0.34767 0.34767 0.4803 0.59014 0.59014 0.69841 0.79535 0.79535 0.86848 0.92007 0.92007 0.97109 0.97109 1.0363
0.54661 0.55299 0.55299 0.55987 0.56598 0.56598 0.5715 0.5715 0.57696 0.58274 0.58274 0.58952 0.59891 0.59891 0.61005 0.62159 0.62159 0.63352 0.63352 0.64545 0.65673 0.65673 0.66817 0.67974 0.67974 0.69094 0.69094 0.70066 0.70826 0.70826 0.71147 0.7118 0.7118 0.71048 0.70836 0.70836 0.70671 0.70671 0.70717 0.70889 0.70889 0.71223 0.71722 0.71722 0.72502 0.72502 0.73577 0.75164 0.75164 0.77051 0.79266 0.79266 0.81626 0 0 0 0 0 0.12585 0.12585 0.25 0.37121 0.37121 0.48639 0.48639 0.59864 0.70862 0.70862 0.80952 0.89286 0.89286 0.94955 0.9949 0.9949 1.0482 1.0482 1.1168
0.56274 0.57015 0.57015 0.57726 0.58327 0.58327 0.58873 0.58873 0.59428 0.6006 0.6006 0.60846 0.61917 0.61917 0.63144 0.64367 0.64367 0.65583 0.65583 0.66757 0.67841 0.67841 0.68899 0.69921 0.69921 0.70836 0.70836 0.71514 0.71921 0.71921 0.71934 0.71755 0.71755 0.71527 0.71345 0.71041 0.70919 0.70919 0.71021 0.7126 0.7126 0.71699 0.72357 0.72357 0.73349 0.74674 0.74674 0.76496 0.76496 0.78562 0.8086 0.8086 0.83207 0 0 0 0 0 0.19181 0.19181 0.3153 0.42744 0.42744 0.54422 0.65476 0.65476 0.76247 0.76247 0.85998 0.94048 0.94048 0.9966 1.0442 1.0442 1.1003 1.1003 1.1689
0.57137 0.57907 0.57907 0.58625 0.59226 0.59226 0.59779 0.60357 0.60357 0.61028 0.61028 0.61878 0.63015 0.63015 0.64288 0.65531 0.65531 0.66747 0.66747 0.67894 0.68942 0.68942 0.69947 0.70889 0.70889 0.71683 0.72205 0.72205 0.72446 0.72446 0.72334 0.72093 0.72093 0.71868 0.71752 0.71752 0.71808 0.71808 0.72076 0.72473 0.72473 0.73147 0.74129 0.74129 0.75498 0.77226 0.77226 0.79369 0.79369 0.816 0.83871 0.83871 0 0 0 0 0 0.17399 0.30948 0.30948 0.41497 0.53005 0.53005 0.64683 0.75 0.75 0.84694 0.84694 0.93254 1.0113 1.0113 1.0731 1.1315 1.1315 1.1922 1.1922 1.2613
0.58843 0.5963 0.5963 0.60364 0.60998 0.60998 0.616 0.62251 0.62251 0.63018 0.63018 0.63983 0.6523 0.6523 0.66569 0.67825 0.67825 0.69015 0.69015 0.70089 0.71041 0.71041 0.71917 0.72688 0.72688 0.73243 0.73501 0.73501 0.73494 0.73494 0.73233 0.72969 0.72969 0.72836 0.72919 0.72919 0.7323 0.7323 0.73676 0.74228 0.74228 0.75107 0.76324 0.76324 0.77874 0.79782 0.79782 0.81983 0.81983 0.84119 0 0 0 0 0 0.17602 0.28841 0.28841 0.39854 0.39854 0.5017 0.60828 0.60828 0.71655 0.80612 0.78175 0.87075 0.87075 0.94955 1.0283 1.0283 1.0958 1.1616 1.1616 1.2256 1.2959 1.2959
0.60688 0.61441 0.61441 0.62162 0.62813 0.62813 0.63438 0.64129 0.64129 0.64942 0.64942 0.65947 0.6721 0.6721 0.68539 0.69749 0.69749 0.70876 0.71871 0.71871 0.71957 0.71957 0.72777 0.73481 0.73481 0.7395 0.74126 0.74126 0.74053 0.74053 0.73769 0.73524 0.73524 0.73458 0.7365 0.7365 0.74093 0.74631 0.74631 0.75269 0.75269 0.76235 0.77521 0.77521 0.79094 0.81021 0.81021 0.832 0.832 0 0 0 0 0.15701 0.15701 0.25604 0.35829 0.35829 0.44785 0.44785 0.54592 0.64569 0.64569 0.7449 0.82483 0.82483 0.89456 0.89456 0.96429 1.0471 1.0471 1.1304 1.2086 1.2086 1.2789 1.3503 1.3503
0.61712 0.62436 0.62436 0.63134 0.63775 0.63775 0.6439 0.65081 0.65081 0.65888 0.65888 0.66869 0.68089 0.68089 0.69369 0.70519 0.70519 0.71593 0.72549 0.72549 0.73385 0.73385 0.74116 0.74727 0.74727 0.75091 0.75197 0.75197 0.75094 0.75094 0.74856 0.74704 0.74704 0.74803 0.7521 0.7521 0.75891 0.76608 0.76608 0.77425 0.77425 0.78516 0.79851 0.79851 0.81385 0 0 0 0 0 0 0 0.19999 0.30586 0.30586 0.38852 0.47409 0.47409 0.55556 0.55556 0.63662 0.71712 0.71712 0.79422 0.85488 0.85488 0.90533 0.90533 0.96485 1.0437 1.0437 1.131 1.2109 1.2109 1.2823 1.3537 1.3537
0.64116 0.64764 0.64764 0.65382 0.6595 0.6595 0.66486 0.67117 0.67117 0.67828 0.67828 0.68678 0.69712 0.69712 0.708 0.71759 0.71759 0.72691 0.73567 0.73567 0.74387 0.74387 0.75117 0.75742 0.75742 0.76129 0.76304 0.76304 0.76294 0.76198 0.76198 0.76188 0.76188 0.76469 0.77055 0.77055 0.77904 0.78767 0.78767 0.79739 0.79739 0.80893 0.82198 0.82198 0 0 0 0 0.13352 0.13352 0.16869 0.16869 0.26907 0.36851 0.36851 0.45362 0.53345 0.53345 0.60601 0.60601 0.6763 0.7466 0.7466 0.81293 0.86565 0.86565 0.9093 0.96315 0.96315 1.0357 1.0357 1.119 1.1973 1.1973 1.2687 1.3401 1.3401
0.6679 0.67296 0.67296 0.67762 0.67071 0.67071 0.67537 0.68112 0.68112 0.6875 0.69507 0.69507 0.70426 0.70426 0.71398 0.72251 0.72251 0.73117 0.73974 0.73974 0.74813 0.74813 0.7558 0.76248 0.76248 0.76684 0.76936 0.76936 0.77015 0.77025 0.77025 0.77111 0.77111 0.77484 0.78139 0.78139 0.79041 0.79947 0.79947 0.80969 0.80969 0.82132 0.83405 0.83405 0 0 0 0 0.17458 0.17458 0.30667 0.30667 0.39912 0.49263 0.49263 0.57426 0.63662 0.63662 0.69048 0.69048 0.7432 0.79592 0.79592 0.84297 0.88322 0.88322 0.92007 0.96769 0.96769 1.0295 1.0295 1.1032 1.1769 1.1769 1.2483 1.3197 1.3197
0.68106 0.68526 0.68526 0.68893 0.6919 0.6919 0.69468 0.69884 0.69884 0.70344 0.70899 0.70899 0.71587 0.71587 0.72334 0.73008 0.73008 0.73785 0.74651 0.74651 0.7559 0.7559 0.76499 0.77316 0.77316 0.77924 0.78403 0.78403 0.78714 0.78955 0.78955 0.7922 0.7922 0.79706 0.80377 0.80377 0.81269 0.82159 0.82159 0.83197 0.83197 0.84327 0.85507 0.85507 0 0 0 0 0.20239 0.20239 0.35602 0.35602 0.46088 0.55726 0.55726 0.63549 0.69501 0.69501 0.74433 0.78912 0.78912 0.8288 0.8288 0.86565 0.90136 0.90136 0.93707 0.97619 0.97619 1.0244 1.0244 1.0845 1.1531 1.1531 1.2245 1.2959 1.2959
0.70532 0.70767 0.70767 0.70893 0.70916 0.70916 0.70959 0.71187 0.71187 0.71488 0.71894 0.71894 0.72413 0.72413 0.72998 0.7358 0.7358 0.74337 0.75269 0.75269 0.76364 0.77471 0.77471 0.78473 0.78473 0.79289 0.80017 0.80017 0.80569 0.81018 0.81018 0.81405 0.81405 0.81894 0.81451 0.81451 0.82278 0.83114 0.83114 0.84126 0.85223 0.85223 0.8636 0.8636 0 0 0 0 0.20758 0.20758 0.36404 0.36404 0.46882 0.56463 0.56463 0.64342 0.70522 0.70522 0.7551 0.79819 0.79819 0.83503 0.83503 0.87075 0.90646 0.90646 0.94218 0.97676 0.97676 1.0198 1.0198 1.0748 1.1429 1.1429 1.2143 1.2857 1.2857
0.71574 0.71722 0.71722 0.71722 0.71603 0.71603 0.71534 0.71679 0.71679 0.71924 0.72294 0.72294 0.72767 0.72767 0.73306 0.73878 0.73878 0.74648 0.7562 0.7562 0.76793 0.78 0.78 0.79088 0.79088 0.8 0.80836 0.80836 0.81494 0.8203 0.8203 0.82456 0.82456 0.82929 0.83382 0.83382 0.83997 0.84694 0.84694 0.85633 0.86681 0.86681 0.87795 0.87795 0 0 0 0 0.13556 0.13556 0.28182 0.28182 0.40476 0.53401 0.53401 0.61848 0.69104 0.69104 0.74943 0.79762 0.79762 0.8356 0.8356 0.87245 0.90816 0.90816 0.94388 0.97449 0.97449 1.0102 1.0578 1.0578 1.1224 1.1224 1.1939 1.2653 1.2653
0.73078 0.73031 0.7279 0.7279 0.72446 0.72446 0.72225 0.72278 0.72278 0.72499 0.72899 0.72899 0.73395 0.73395 0.73967 0.74631 0.74631 0.75521 0.76628 0.76628 0.77967 0.79352 0.79352 0.80598 0.80598 0.81679 0.82684 0.82684 0.83504 0.84162 0.84162 0.84635 0.85051 0.85051 0.85332 0.85332 0.85726 0.86268 0.86268 0.87084 0.88046 0.88046 0.89127 0.89127 0.90198 0 0 0.028699 0.028699 0.028699 0 0.26757 0.26757 0.44898 0.44898 0.54478 0.63379 0.63379 0.70918 0.77154 0.77154 0.81973 0.81973 0.86281 0.90646 0.90646 0.94218 0.97279 0.97279 1.0057 1.0493 1.0493 1.11 1.11 1.1803 1.2517 1.2517
0.74003 0.73769 0.73359 0.73359 0.72916 0.72916 0.72664 0.72717 0.72717 0.72985 0.73468 0.73468 0.74066 0.74754 0.74754 0.7559 0.7559 0.76671 0.77954 0.77243 0.78661 0.80126 0.80126 0.81445 0.81445 0.82598 0.83666 0.83666 0.84542 0.85233 0.85233 0.85716 0.86096 0.86096 0.86298 0.86298 0.86592 0.87051 0.87051 0.87779 0.88671 0.88671 0.89709 0.89709 0.90747 0 0 0 0 0 0 0.23696 0.23696 0.40476 0.40476 0.5051 0.59921 0.59921 0.67971 0.7466 0.7466 0.80102 0.80102 0.84864 0.88776 0.88776 0.92347 0.95578 0.95578 0.98866 1.0283 1.0283 1.0799 1.0799 1.1429 1.2109 1.2109
0.74218 0.73931 0.73501 0.73501 0.73081 0.73081 0.72879 0.72979 0.72979 0.73302 0.73845 0.73845 0.74516 0.75283 0.75283 0.76221 0.76221 0.77402 0.78764 0.78764 0.80281 0.81821 0.81821 0.8321 0.8321 0.84436 0.85547 0.85547 0.86453 0.87137 0.87137 0.8759 0.87851 0.87851 0.87888 0.87888 0.87997 0.88264 0.88264 0.88764 0.89474 0.89474 0.90374 0.91293 0.91293 0 0 0 0 0 0 0.18239 0.18239 0.32524 0.32524 0.42971 0.52778 0.52778 0.61338 0.68707 0.68707 0.75454 0.81179 0.81179 0.85714 0.85714 0.89286 0.928 0.928 0.96145 0.9983 0.9983 1.0414 1.0414 1.0958 1.1587 1.1587
0.74264 0.74003 0.73676 0.73676 0.73428 0.73421 0.73421 0.73673 0.73673 0.74155 0.74856 0.74856 0.75706 0.76661 0.76661 0.77825 0.77825 0.7919 0.80678 0.80678 0.82238 0.83775 0.83775 0.85154 0.86377 0.86377 0.87431 0.87431 0.88251 0.88826 0.88826 0.8915 0.8922 0.8922 0.89068 0.89068 0.88982 0.89025 0.89025 0.8926 0.89749 0.89749 0.90469 0.9125 0.9125 0.92149 0.92149 0 0 0 0 0.141 0.141 0.27196 0.27196 0.39342 0.4932 0.4932 0.58163 0.65986 0.65986 0.73299 0.79422 0.79422 0.84184 0.84184 0.87755 0.91327 0.91327 0.94671 0.98186 0.98186 1.0227 1.0227 1.0731 1.1338 1.1338
0.7398 0.73838 0.73726 0.73726 0.73603 0.73722 0.73722 0.74063 0.74063 0.74638 0.75431 0.75431 0.76383 0.77455 0.77455 0.78747 0.78747 0.80205 0.81745 0.81745 0.83309 0.84817 0.84817 0.86162 0.87355 0.87355 0.88347 0.88347 0.89091 0.89587 0.89587 0.89821 0.89785 0.89785 0.8955 0.8955 0.89379 0.89322 0.89322 0.89445 0.89835 0.89835 0.90473 0.91197 0.91197 0.92053 0.92053 0 0 0 0 0 0 0.18108 0.18108 0.32224 0.42071 0.42071 0.51417 0.59807 0.59807 0.67687 0.74376 0.74376 0.80045 0.80045 0.84184 0.88095 0.88095 0.9161 0.95068 0.95068 0.98866 1.03 1.03 1.0805 1.0805
0.73831 0.73742 0.73739 0.73739 0.73898 0.74251 0.74251 0.74747 0.74747 0.75488 0.76456 0.76456 0.77617 0.78942 0.78942 0.80516 0.80516 0.82175 0.83828 0.83828 0.85398 0.8685 0.8685 0.88136 0.89273 0.89273 0.90142 0.90142 0.90727 0.91058 0.91058 0.91111 0.90883 0.90883 0.90519 0.90221 0.90221 0.9001 0.9001 0.89947 0.90145 0.90145 0.90605 0.91203 0.91203 0.9197 0.9197 0.92889 0 0 0 0 0 0.12633 0.24141 0.24141 0.34796 0.34796 0.44104 0.52834 0.52834 0.60884 0.68027 0.68027 0.7466 0.7466 0.79875 0.84524 0.84524 0.88435 0.92234 0.92234 0.96259 1 1 1.0408 1.0408
0.73686 0.73696 0.73894 0.73894 0.74281 0.7481 0.7481 0.75421 0.75421 0.76271 0.77355 0.77355 0.78674 0.80208 0.80208 0.82003 0.83825 0.83825 0.85567 0.85567 0.8714 0.88552 0.88552 0.89795 0.90879 0.90879 0.9165 0.9165 0.92102 0.92284 0.92284 0.92179 0.91792 0.91792 0.90949 0.90598 0.90598 0.90321 0.90321 0.90179 0.90288 0.90288 0.90655 0.91187 0.91187 0.91907 0.91907 0.92793 0.93722 0.93722 0 0 0 0 0.1952 0.1952 0.30878 0.30878 0.39739 0.48526 0.48526 0.56689 0.64059 0.64059 0.70918 0.70918 0.76644 0.81859 0.81859 0.86281 0.9042 0.9042 0.94615 0.98356 0.98356 1.0227 1.0227
0.7366 0.73749 0.74056 0.74056 0.74545 0.75154 0.75154 0.75828 0.75828 0.76734 0.77874 0.77874 0.7926 0.80869 0.80869 0.82734 0.84598 0.84598 0.8636 0.8636 0.87937 0.89342 0.89342 0.90572 0.91633 0.91633 0.92364 0.92364 0.92754 0.9286 0.9286 0.92674 0.92208 0.92208 0.91669 0.9119 0.9119 0.9076 0.9076 0.90446 0.90367 0.90367 0.90539 0.90929 0.90929 0.91554 0.92367 0.92367 0.9325 0.9325 0.94169 0 0 0 0 0 0.18632 0.18632 0.29118 0.37755 0.37755 0.46542 0.54819 0.54819 0.62642 0.69728 0.69728 0.76474 0.76474 0.82143 0.87075 0.87075 0.911 0.94558 0.94558 0.97846 0.97846
0.73669 0.73983 0.74512 0.74512 0.7519 0.75954 0.75954 0.76774 0.77815 0.77815 0.79088 0.79088 0.80585 0.82294 0.82294 0.84218 0.86102 0.86102 0.87874 0.87874 0.89484 0.90916 0.90916 0.92155 0.93193 0.93193 0.93868 0.94119 0.94119 0.94026 0.94026 0.93597 0.92797 0.92797 0.91838 0.9086 0.9086 0.89848 0.89848 0.88883 0.88139 0.88139 0.87732 0.87686 0.87686 0.88046 0.8875 0.8875 0.89683 0.89683 0.9077 0 0 0 0 0 0 0 0.16023 0.27268 0.27268 0.38605 0.47902 0.47902 0.5924 0.6695 0.6695 0.74376 0.74376 0.80612 0.85884 0.85884 0.89796 0.93141 0.93141 0.96259 0.96259
0.74056 0.74605 0.75319 0.75319 0.76152 0.77055 0.77055 0.78017 0.7917 0.7917 0.80519 0.80519 0.8203 0.83716 0.83716 0.8558 0.87412 0.87412 0.8916 0.88569 0.90198 0.91656 0.91656 0.92879 0.93848 0.93848 0.9441 0.94466 0.94466 0.94102 0.94102 0.93369 0.92208 0.92208 0.90823 0.89375 0.89375 0.87858 0.87858 0.8635 0.85114 0.85114 0.84337 0.84063 0.84063 0.84367 0.85183 0.85183 0.8634 0.8634 0.87726 0 0 0 0 0 0 0 0 0.20465 0.20465 0.3373 0.46088 0.46088 0.54819 0.63039 0.63039 0.70918 0.70918 0.77664 0.8305 0.8305 0.86905 0.9042 0.9042 0.93878 0.96825
0.7444 0.75078 0.75855 0.75855 0.76747 0.77706 0.77706 0.78727 0.79907 0.79907 0.81246 0.81246 0.82704 0.84324 0.84324 0.86112 0.87894 0.87894 0.89617 0.89617 0.91223 0.92572 0.92572 0.93511 0.94 0.94 0.93937 0.93187 0.93187 0.91888 0.91888 0.90162 0.87907 0.87907 0.85286 0.82516 0.82516 0.79653 0.7683 0.7683 0.74539 0.74539 0.73131 0.72668 0.72668 0.73243 0.74734 0.74734 0.76797 0.76797 0.79223 0.81917 0.81917 0 0 0 0 0 0 0.17857 0.17857 0.33277 0.45975 0.45975 0.54932 0.63152 0.63152 0.70465 0.70465 0.7619 0.80329 0.80329 0.83333 0.86395 0.86395 0.89456 0.9229
0.76235 0.76235 0.77137 0.77137 0.78172 0.79276 0.79276 0.80456 0.81676 0.81676 0.82936 0.82936 0.84202 0.85603 0.85603 0.87157 0.88793 0.88793 0.90324 0.91623 0.91623 0.92433 0.92433 0.92522 0.91841 0.91841 0.90489 0.8836 0.8836 0.85633 0.85633 0.82486 0.7882 0.7882 0.74724 0.68714 0.68714 0.62906 0.57455 0.57455 0.51002 0.51002 0.45702 0.43316 0.43316 0.41861 0.41203 0.41203 0.4285 0.59226 0.64453 0.70132 0.70132 0 0 0 0 0 0 0.23036 0.23036 0.36848 0.46769 0.46769 0.55669 0.63776 0.63776 0.70748 0.70748 0.7585 0.79252 0.79252 0.81633 0.84184 0.84184 0.86735 0.89116
0.77322 0.77322 0.784 0.784 0.78902 0.80106 0.80106 0.81392 0.82648 0.82648 0.83871 0.83871 0.85038 0.86321 0.86321 0.87706 0.89183 0.89183 0.90486 0.91448 0.91448 0.91749 0.91749 0.91187 0.89716 0.89716 0.87554 0.84628 0.84628 0.81144 0.81144 0.75111 0.6886 0.6886 0.6244 0.5436 0.5436 0.4674 0.41891 0.41891 0.35944 0.35944 0.30979 0 0 0 0 0 0 0 0 0 0 0.62972 0 0 0 0.16077 0.16077 0.29342 0.29342 0.39399 0.48866 0.48866 0.572 0.64796 0.64796 0.70862 0.7483 0.7483 0.76871 0.76871 0.78231 0.79762 0.79762 0.81293 0.82766
0.77855 0.77855 0.79041 0.79041 0.80393 0.81831 0.81831 0.83349 0.84714 0.84714 0.85901 0.86889 0.86889 0.87848 0.87848 0.88707 0.8955 0.8955 0.89967 0.89765 0.89765 0.88648 0.88648 0.86479 0.83233 0.83233 0.79339 0.72807 0.72807 0.6404 0.53362 0.53362 0.43157 0.43157 0 0 0 0 0 0 0 0 0 0 0 0 0 0 0 0 0 0.36608 0.36608 0 0 0 0.10802 0.21516 0.21516 0.32224 0.32224 0.41837 0.50567 0.50567 0.58277 0.65476 0.65476 0.71032 0.74263 0.74263 0.75283 0.75283 0.7568 0.7619 0.7619 0.76701 0.77211
0.7878 0.7878 0.80179 0.80179 0.81765 0.83431 0.83431 0.8515 0.86621 0.86621 0.87802 0.88598 0.88598 0.89131 0.89131 0.8923 0.89028 0.89028 0.88073 0.86261 0.86261 0.83379 0.83379 0.79408 0.74347 0.74347 0.65094 0.53954 0.53954 0.41326 0 0 0 0 0 0 0 0 0 0 0 0 0 0 0 0 0 0 0 0 0 0 0 0 0 0 0.12648 0.23419 0.23419 0.32241 0.41497 0.41497 0.4983 0.4983 0.57313 0.64456 0.64456 0.70238 0.73753 0.73753 0.74943 0.74943 0.7517 0.7534 0.7534 0.7551 0.7568
0.79002 0.79002 0.80489 0.80489 0.82188 0.83954 0.83954 0.85779 0.87326 0.87326 0.88545 0.89306 0.89306 0.89696 0.89696 0.89478 0.8881 0.8881 0.8723 0.84684 0.84684 0.81018 0.73977 0.73977 0.66185 0.66185 0.54545 0.41412 0.41412 0 0 0 0 0 0 0 0 0 0 0 0 0 0 0 0 0 0 0 0 0 0 0 0 0 0.087905 0.087905 0.16387 0.2358 0.2358 0.31349 0.39456 0.39456 0.47052 0.47052 0.54252 0.61395 0.61395 0.67517 0.71939 0.71939 0.74093 0.74093 0.74887 0.75 0.75 0.75 0.75
0.78116 0.78116 0.79712 0.81587 0.81587 0.83514 0.83514 0.85593 0.87458 0.87458 0.89025 0.9003 0.9003 0.90552 0.90552 0.90145 0.88972 0.88972 0.86579 0.80132 0.80132 0.70142 0.57445 0.57445 0.44688 0.44688 0 0 0 0 0 0 0 0 0 0 0 0 0 0 0 0 0 0 0 0 0 0 0 0.3484 0.3484 0 0 0 0.10781 0.10781 0.18434 0.23299 0.23299 0.29252 0.35374 0.35374 0.41327 0.41327 0.51644 0.58673 0.58673 0.64909 0.69671 0.69671 0.72279 0.72279 0.73413 0.73639 0.73639 0.73526 0.73299
0.7675 0.7675 0.78377 0.80331 0.80331 0.8235 0.8235 0.84638 0.86866 0.86866 0.88873 0.90331 0.90331 0.91269 0.91269 0.91081 0.89874 0.89874 0.86899 0.77289 0.77289 0.6439 0.49117 0.49117 0 0 0 0 0 0 0 0 0 0 0 0 0 0 0 0 0 0 0 0 0 0 0 0 0 0 0 0 0 0 0.10908 0.10908 0.18334 0.22619 0.22619 0.27438 0.32426 0.32426 0.37245 0.37245 0.42687 0.48469 0.48469 0.54252 0.59014 0.59014 0.62075 0.63435 0.63435 0.63776 0.63776 0.63435 0.62755
0.7316 0.7316 0.74774 0.76721 0.76721 0.81775 0.81775 0.84102 0.8646 0.8646 0.88648 0.90301 0.90301 0.91412 0.91345 0.91345 0.90155 0.90155 0.87623 0.78145 0.78145 0.6561 0 0 0 0 0 0 0 0 0 0 0 0 0 0 0 0 0 0 0 0 0 0 0 0.29213 0.38245 0.38245 0.48169 0 0 0 0 0 0.10815 0.10815 0.17958 0.21542 0.21542 0.24717 0.27721 0.27721 0.30442 0.30442 0.33844 0.37585 0.37585 0.41667 0.45295 0.45295 0.47902 0.4915 0.4915 0.4949 0.4949 0.4915 0.48469
0 0 0.62235 0.64119 0.64119 0.72155 0.72155 0.80608 0.86175 0.86175 0.88473 0.90261 0.90261 0.91498 0.9163 0.9163 0.90641 0.90641 0.88506 0.82645 0.82645 0.76413 0.67431 0.67431 0.58592 0.58592 0.50033 0.44826 0.44826 0.3998 0.38245 0.38245 0.36876 0.35987 0.35987 0.37236 0.37236 0.38707 0.40582 0.40582 0.42985 0.47795 0.47795 0.51831 0.51831 0.56721 0.62231 0.62231 0.57868 0 0 0 0 0 0.10634 0.10634 0.1772 0.21259 0.21259 0.24036 0.26304 0.26304 0.28061 0.30442 0.30442 0.33163 0.33163 0.36224 0.38946 0.38946 0.40986 0.42007 0.42007 0.42347 0.42347 0.42007 0.41327
0.60843 0.60843 0 0 0 0.7202 0.7202 0.8042 0.85964 0.85964 0.88271 0.90109 0.90109 0.91445 0.91772 0.91772 0.91058 0.91058 0.89349 0.87021 0.87021 0.84212 0.78483 0.78483 0.72727 0.66992 0.66992 0.61385 0.61385 0.56149 0.54046 0.54046 0.52354 0.5123 0.5123 0.52324 0.52324 0.53686 0.55507 0.55507 0.5796 0.61012 0.61012 0.63137 0.65964 0.65964 0.6926 0.6926 0.72803 0 0 0 0 0 0.097789 0.097789 0.16412 0.19898 0.19898 0.22619 0.24433 0.24433 0.2517 0.25907 0.25907 0.26701 0.26701 0.27721 0.28515 0.28515 0.29082 0.29308 0.29308 0.29422 0.29422 0.29195 0.28685
