data/Petrone_etal_2016/Sediment_thickness/tbl_sed_thick_total_utm22n.asc
ncols         541
nrows         475
xllcorner     534622.5
yllcorner     7445082.5
cellsize      5
NODATA_value  -9999
[rows 204 to 237 of 475, columns 228 to 303 of 541]
3.3707 3.3281 3.3016 3.2887 3.2836 3.2829 3.2826 3.2809 3.2681 3.2268 3.1066 2.8649 2.3729 1.5158 0 0 0 0 0 0 1.8617 2.8377 3.7445 4.4032 4.9195 5.4088 5.913 6.4179 6.9684 7.5285 8.0449 8.4825 8.8791 9.2153 9.4553 9.647 9.3513 9.4638 10.07 10.177 10.261 10.295 10.316 10.333 10.325 10.323 10.334 10.357 10.388 10.414 10.426 10.411 10.361 10.269 10.132 9.9542 9.741 9.5022 9.2488 8.9915 8.7338 8.4684 8.1825 7.8558 7.4654 7.0119 6.3868 5.7986 5.022 4.869 4.9098 5.5987 6.0498 6.4829 6.8239 6.2951
3.6523 3.5897 3.5475 3.5224 3.5067 3.496 3.4853 3.4727 3.4485 3.3954 3.2649 3.0106 2.7299 1.9138 1.0173 0 0 0 1.3021 2.0422 2.7958 3.5808 4.2134 4.7371 5.1797 5.6059 6.0483 6.508 7.0044 7.5091 7.9838 8.4051 8.7901 9.1185 9.3773 9.605 9.8342 9.5046 9.6431 10.273 10.359 10.407 10.424 10.449 10.439 10.431 10.407 10.403 10.415 10.432 10.441 10.426 10.375 10.28 10.138 9.9511 9.7265 9.4744 9.2058 8.9319 7.6842 7.4134 7.141 6.8473 7.3636 6.9161 6.3166 5.7034 4.8423 4.6108 4.5678 5.1553 5.577 6.0502 6.437 5.9855
3.999 3.9174 3.8578 3.8166 3.785 3.7584 3.7313 3.9516 3.929 3.8798 3.7603 3.5299 3.0818 2.1994 1.229 0 0 1.6036 2.3785 3.0746 3.6635 4.1831 4.6598 5.0644 5.441 5.8096 6.1921 6.6052 7.0439 7.4891 7.9173 8.316 8.6806 9.0163 9.3061 9.5528 9.8102 10.037 10.191 9.8105 9.9111 10.515 10.552 10.578 10.55 10.541 10.511 10.472 10.457 10.456 10.457 10.44 10.389 10.294 10.149 9.9566 9.7237 9.4611 8.2089 7.9148 7.6217 7.3344 7.0483 6.7479 6.4081 6.8384 6.2558 5.6261 4.6205 4.2442 4.0544 4.4929 4.888 5.4529 5.9789 6.4415
4.3651 4.5752 4.4976 4.4559 4.4057 4.376 4.3469 4.3165 4.2765 4.2156 4.0992 3.8952 3.4907 2.6911 0 0 1.9343 2.6548 3.3387 3.852 4.2975 4.6832 5.0419 5.3788 5.7034 6.0269 6.3603 6.713 7.0816 7.4551 7.8214 8.176 8.5165 8.8459 9.1716 9.464 9.7458 10.005 10.2 10.38 9.9653 10.066 10.106 10.689 10.668 10.645 10.615 10.569 10.519 10.492 10.478 10.455 10.404 10.31 10.165 9.9696 9.7317 8.4941 8.1966 7.8904 7.5839 7.2825 6.9842 6.6776 6.34 5.9463 6.2147 5.5508 4.7934 3.7386 3.1035 3.2967 3.6548 4.5342 5.3107 5.9897
5.1453 5.0376 4.9476 4.8897 4.8214 4.7725 4.7247 4.6766 4.6221 4.554 4.435 4.2569 3.9419 3.3286 2.8114 2.7033 3.0846 3.6241 4.0634 4.443 4.7758 5.087 5.3845 5.6748 5.9637 6.2559 6.5554 6.867 7.1885 7.5136 7.8372 8.1581 8.4743 8.7867 9.0996 9.4098 9.7126 9.97 10.175 10.377 10.516 10.611 10.192 10.226 10.764 10.753 10.71 10.664 10.606 10.545 10.508 10.474 10.419 10.327 10.184 9.0368 8.788 8.5056 8.2017 7.8874 7.5714 7.2591 6.9512 6.6399 6.3048 5.9113 6.204 5.435 4.4703 3.3414 1.9714 0 2.0851 3.1921 4.3684 5.5361
5.5505 5.4422 5.346 5.2772 5.1956 5.1168 5.039 4.9621 4.8829 4.7977 4.6941 4.5589 4.3473 4.1155 3.9552 3.9413 4.0859 4.3457 4.6396 4.9082 5.174 5.4332 5.692 5.954 6.221 6.4944 6.775 7.0648 7.3618 7.6615 7.9612 8.2601 8.5554 8.8453 9.1325 9.413 9.684 9.9418 10.155 10.349 10.497 10.624 10.715 10.298 10.326 10.844 10.811 10.749 10.688 10.62 10.553 10.5 10.438 10.346 9.2665 9.0608 8.8114 8.5277 8.2215 7.9035 7.5823 7.2635 6.9494 6.6355 6.3041 5.9145 5.412 4.6869 3.4669 2.5239 0 0 0 0 3.5353 5.1376
5.7947 5.6932 5.5979 5.5069 5.4192 5.3326 5.2476 5.1648 5.0835 5.0032 4.9198 4.8287 4.7347 4.6594 4.6242 4.6479 4.7372 4.8864 5.0776 5.2909 5.5127 5.741 5.9776 6.2227 6.4759 6.738 7.0084 7.2877 7.5732 7.8607 8.1472 8.4313 8.7089 8.977 9.2363 9.4827 9.7144 9.9306 10.134 10.327 10.49 10.624 10.749 10.813 10.398 10.412 10.903 10.843 10.789 10.717 10.615 10.537 10.463 10.367 9.2913 9.0867 8.839 8.5573 8.2527 7.9354 7.6136 7.2928 6.9765 6.6625 6.3364 5.9562 5.4603 4.6932 3.38 0 0 0 0 0 3.0626 4.9953
5.9172 5.826 5.7368 5.649 5.5627 5.4773 5.3939 5.3143 5.2395 5.1714 5.1107 5.0574 5.0155 4.996 5.0074 5.0572 5.1476 5.2767 5.4365 5.6193 5.8172 6.028 6.2505 6.4832 6.7256 6.978 7.2398 7.5106 7.7872 8.0653 8.341 8.6123 8.875 9.1251 9.3621 9.581 9.7798 9.9586 10.122 10.275 10.436 10.588 10.726 10.83 10.896 10.491 10.472 10.926 10.865 10.795 10.691 10.585 10.493 10.391 9.3155 9.1131 8.8691 8.592 8.2923 7.9798 7.6617 7.3435 7.029 6.718 6.3998 6.0379 5.5735 4.8846 3.6688 2.2579 0 0 0 0 3.3436 5.0952
5.9574 5.8774 5.7981 5.7192 5.6417 5.5653 5.4918 5.4238 5.3629 5.3124 5.2754 5.2531 5.2481 5.2653 5.3064 5.3745 5.4703 5.5938 5.7425 5.9135 6.101 6.3021 6.5148 6.7371 6.9692 7.2115 7.4632 7.7234 7.989 8.2548 8.5177 8.7749 9.0226 9.257 9.4769 9.6764 9.8531 10.006 10.137 10.255 10.382 10.538 10.701 10.824 10.9 10.515 10.551 10.978 10.922 10.869 10.771 10.639 10.529 9.5005 9.3393 9.1398 8.9011 8.6309 8.3391 8.0346 7.7243 7.4128 7.1041 6.7992 6.4917 6.1544 5.7409 5.1709 4.3922 3.2994 2.0988 0 0 2.3499 3.4265 4.6869
5.9434 5.8752 5.8081 5.7424 5.6788 5.6171 5.5592 5.508 5.4656 5.4355 5.4212 5.4235 5.4436 5.4849 5.547 5.6314 5.7384 5.8683 6.0195 6.1895 6.3738 6.5693 6.7744 6.9877 7.2099 7.4417 7.6826 7.9314 8.1843 8.4366 8.6847 8.9264 9.1583 9.3771 9.5815 9.766 9.9274 10.063 10.175 10.267 10.363 10.489 10.661 10.812 10.907 10.987 10.569 10.534 10.942 10.889 10.808 10.692 10.566 9.5259 9.3638 9.1683 8.9364 8.6749 8.3934 8.0999 7.8005 7.4994 7.2001 6.9046 6.6103 6.3021 5.9497 5.5206 4.9685 4.2976 3.3634 2.3764 0 2.9837 4.2487 5.1047
5.8939 5.8373 5.7843 5.7344 5.6878 5.6447 5.6064 5.5758 5.5552 5.5477 5.5564 5.582 5.6251 5.6876 5.7688 5.8693 5.9892 6.1285 6.2855 6.4577 6.6412 6.8328 7.0315 7.2364 7.4488 7.6697 7.8989 8.1348 8.3739 8.6113 8.8437 9.0689 9.284 9.487 9.6762 9.8473 9.9972 10.123 10.223 10.3 10.374 10.473 10.619 10.78 10.867 10.929 10.526 10.525 10.939 10.903 10.858 9.863 9.7015 9.5516 9.3908 9.2009 8.9774 8.7265 8.4572 8.1769 7.891 7.603 7.3162 7.0329 6.7537 6.4756 6.177 5.8461 5.4615 5.0279 4.5269 3.8883 3.8042 4.17 4.9828 5.5498
5.8133 5.7701 5.7332 5.7018 5.6753 5.6541 5.6388 5.6324 5.6361 5.6533 5.6861 5.7352 5.8002 5.8832 5.9828 6.0994 6.2326 6.3822 6.5461 6.722 6.9058 7.0945 7.2874 7.4843 7.6869 7.8965 8.113 8.3349 8.559 8.7805 8.9965 9.2046 9.403 9.59 9.7644 9.9229 10.063 10.181 10.275 10.344 10.404 10.482 10.599 10.761 10.855 10.907 10.994 10.453 10.375 10.905 10.878 9.8809 9.7249 9.5783 9.4223 9.2401 9.0268 8.7882 8.5328 8.2675 7.9969 7.7243 7.4522 7.1835 6.9207 6.6672 6.4122 6.1561 5.8844 5.6157 5.3421 5.1701 5.126 5.3098 5.5985 5.9514
5.6958 5.6686 5.6509 5.6415 5.6391 5.644 5.6558 5.6767 5.7078 5.7513 5.8092 5.8821 5.9694 6.0726 6.1909 6.3236 6.4704 6.6307 6.8022 6.9822 7.1671 7.3536 7.5412 7.7305 7.9233 8.121 8.3242 8.5315 8.7398 8.9449 9.1441 9.3353 9.517 9.6883 9.8483 9.9943 10.125 10.236 10.326 10.392 10.444 10.506 10.597 10.724 10.814 10.871 10.298 10.332 10.282 10.17 10.027 9.8814 9.7424 9.6068 9.4598 9.2877 9.0867 8.8621 8.6221 8.373 8.119 7.8631 7.6075 7.3549 7.1091 6.8738 6.6514 6.4429 6.2458 6.0704 5.9313 5.8579 5.8616 5.9516 6.1099 6.3187
5.5263 5.516 5.5195 5.5352 5.562 5.5993 5.6447 5.6991 5.7623 5.8356 5.9205 6.0185 6.1289 6.2533 6.3909 6.5407 6.702 6.8735 7.053 7.2375 7.4235 7.6077 7.79 7.9715 8.1543 8.3399 8.5297 8.7222 8.9147 9.1034 9.286 9.4607 9.6266 9.7833 9.9302 10.065 10.187 10.292 10.378 10.442 10.489 10.539 10.607 10.701 10.784 10.836 10.895 10.19 10.163 10.087 9.9838 9.8715 9.7574 9.6385 9.5041 9.3445 9.1577 8.9488 8.7254 8.4934 8.2569 8.0184 7.7804 7.5452 7.3167 7.1 6.9 6.7215 6.5676 6.4442 6.3585 6.3152 6.3236 6.3857 6.4951 6.7097
5.2726 5.2752 5.2994 5.3442 5.4105 5.494 5.5888 5.6893 5.7933 5.901 6.0156 6.14 6.2745 6.4206 6.5785 6.7462 6.9228 7.1063 7.2942 7.4834 7.6703 7.852 8.0287 8.2022 8.3749 8.5488 8.7253 8.9034 9.0805 9.2533 9.4202 9.5795 9.7308 9.8745 10.01 10.135 10.249 10.348 10.431 10.493 10.538 10.58 10.63 10.695 10.741 10.791 10.026 10.057 10.048 10.004 9.9381 9.8603 9.7734 9.674 9.5549 9.4099 9.239 9.0472 8.8413 8.6271 8.4085 8.1881 7.9681 7.751 7.5404 7.3416 7.1603 7.0025 6.8729 6.7755 6.7128 6.6863 6.6972 6.7459 6.8311 7.0899
4.883 4.8894 4.9302 5.0104 5.1353 5.2924 5.4658 5.6361 5.7959 5.9447 6.0913 6.2431 6.402 6.5704 6.7488 6.9352 7.1276 7.3235 7.5199 7.7135 7.901 8.0799 8.251 8.4166 8.5795 8.7421 8.9062 9.0709 9.2339 9.3923 9.545 9.6907 9.8293 9.9616 10.087 10.204 10.311 10.405 10.484 10.544 10.587 10.624 10.661 9.7736 10.756 9.8855 9.9308 9.9565 9.9586 9.9395 9.9043 9.856 9.7937 9.7137 9.6109 9.482 9.3283 9.1546 8.9671 8.7712 8.5709 8.3687 8.1671 7.9684 7.7763 7.5956 7.4321 7.2914 7.178 7.0947 7.0425 7.0215 7.0315 7.0725 7.2843 7.4544
4.2993 4.2469 4.2766 4.3767 4.6414 4.9358 5.2774 5.5416 5.7701 5.9638 6.1426 6.3207 6.5035 6.6937 6.8925 7.0974 7.3059 7.5142 7.7191 7.9172 8.1051 8.2814 8.4473 8.6056 8.7599 8.9131 9.0665 9.2198 9.3711 9.5178 9.6589 9.7936 9.922 10.045 10.162 10.272 10.372 10.462 10.536 10.594 10.637 10.67 9.7424 9.7774 9.8132 9.8477 9.8772 9.8974 9.9061 9.9031 9.8888 9.8619 9.8192 9.7565 9.6699 9.558 9.4224 9.2676 9.0991 8.9219 8.74 8.5563 8.3732 8.1932 8.0198 7.8576 7.7119 7.5876 7.4884 7.4163 7.3716 7.3535 7.4603 7.5552 7.6726 7.8258
3.4273 3.2836 3.0721 3.2128 3.6672 4.3972 4.9803 5.41 5.7134 5.9525 6.1613 6.3637 6.5686 6.7794 6.9979 7.221 7.4451 7.6658 7.8794 8.0824 8.2716 8.4463 8.6084 8.7613 8.9092 9.0554 9.2013 9.3466 9.4898 9.6283 9.7614 9.8885 10.009 10.126 10.236 10.339 10.434 10.518 10.588 10.644 10.685 9.7404 9.7688 9.7938 9.8173 9.8394 9.8594 9.8759 9.8877 9.8935 9.8913 9.8779 9.8491 9.8007 9.7296 9.6348 9.5178 9.3824 9.2332 9.0751 8.9118 8.7466 8.5821 8.4209 8.2664 8.123 7.9952 7.8872 7.8019 7.7403 7.7826 7.815 7.8661 7.9503 8.0508 8.1807
2.2948 1.6812 1.6767 0 2.5531 3.6591 4.6736 5.2597 5.6292 5.9068 6.1408 6.3633 6.5873 6.8164 7.0527 7.2925 7.5318 7.765 7.9881 8.1973 8.3896 8.5653 8.7266 8.8774 9.0227 9.1659 9.3083 9.4499 9.5893 9.7238 9.853 9.9758 10.092 10.203 10.308 10.405 10.494 10.572 10.638 10.691 9.7436 9.7751 9.7996 9.8196 9.8371 9.8532 9.8683 9.8823 9.8945 9.9034 9.9065 9.9003 9.8808 9.8441 9.7873 9.7092 9.6108 9.4948 9.3652 9.2263 9.0819 8.9353 8.7893 8.6469 8.5114 8.3867 8.2769 8.1852 8.1136 8.1582 8.1745 8.2049 8.248 8.3182 8.4137 8.5354
0.94289 0 0 0 0 3.1983 4.3907 5.1033 5.5179 5.8216 6.0735 6.3115 6.5508 6.7955 7.0476 7.3031 7.5568 7.8028 8.0367 8.2541 8.4525 8.6326 8.797 8.9501 9.0973 9.2421 9.3858 9.5285 9.6687 9.804 9.9333 10.056 10.17 10.277 10.377 10.469 10.552 10.625 10.686 9.7425 9.7807 9.8099 9.8321 9.8495 9.8641 9.8773 9.8898 9.9018 9.913 9.922 9.9267 9.9243 9.9112 9.8841 9.8402 9.778 9.6976 9.6007 9.4906 9.371 9.2455 9.1176 8.9904 8.8668 8.7502 8.6441 8.5518 8.476 8.5015 8.5241 8.5435 8.5696 8.615 8.684 8.7747 8.8871
0 0 0 0 1.297 3.0012 4.2281 4.9572 5.3844 5.697 5.9583 6.2063 6.4571 6.7146 6.9803 7.2499 7.5175 7.7766 8.0222 8.2502 8.4576 8.6461 8.8178 8.9779 9.1318 9.2831 9.4329 9.5816 9.7273 9.8678 10.001 10.126 10.241 10.347 10.443 10.529 10.606 10.674 9.7354 9.7807 9.8164 9.8435 9.8639 9.8796 9.8924 9.9037 9.9141 9.9241 9.9335 9.9414 9.9462 9.9458 9.9375 9.9184 9.8859 9.8382 9.7747 9.6963 9.6052 9.5047 9.3982 9.289 9.1805 9.0757 8.9779 8.89 8.8148 8.754 8.8382 8.8676 8.8878 8.9201 8.9687 9.0368 9.1231 9.2257
0 0 0 0 1.535 3.231 4.1573 4.8235 5.2315 5.5378 5.8008 6.0541 6.3128 6.5799 6.8568 7.1387 7.4191 7.6911 7.9496 8.1899 8.4094 8.6096 8.793 8.9643 9.1294 9.2917 9.4522 9.6112 9.7668 9.916 10.057 10.186 10.304 10.409 10.502 10.584 9.6634 9.7231 9.7742 9.8162 9.8492 9.8742 9.8928 9.9067 9.9176 9.9269 9.9353 9.9433 9.9508 9.9574 9.9619 9.9628 9.9581 9.9455 9.9227 9.8876 9.8393 9.778 9.7051 9.6232 9.5354 9.445 9.3551 9.269 9.1895 9.1192 9.0601 9.1169 9.146 9.1798 9.2116 9.2505 9.3021 9.3697 9.4513 9.5436
0.7261 0.87866 0.85349 0 1.93 3.4309 4.1716 4.7064 5.07 5.3566 5.614 5.8678 6.1307 6.404 6.6893 6.9813 7.273 7.5573 7.8291 8.0831 8.3167 8.5316 8.7297 8.916 9.096 9.273 9.4478 9.6204 9.7887 9.0282 9.163 9.2848 9.3927 9.4871 9.5697 9.6422 9.706 9.7616 9.8089 9.8477 9.8781 9.9009 9.9175 9.9295 9.9385 9.9458 9.9522 9.9582 9.964 9.9692 9.9731 9.9746 9.9725 9.9648 9.9495 9.9249 9.8897 9.8435 9.7873 9.7231 9.6534 9.5813 9.5098 9.4418 9.3799 9.3261 9.3595 9.3907 9.426 9.4608 9.5033 9.5492 9.606 9.6759 9.7545 9.8375
1.446 1.9341 2.0176 2.3855 2.9255 3.6413 4.1776 4.5956 4.9039 5.1641 5.4101 5.6601 5.9237 6.2008 6.4925 6.793 7.095 7.3909 7.6754 7.9432 8.1919 8.4228 8.6379 8.8413 9.0386 9.2327 9.424 9.6123 8.8843 9.0428 9.1885 9.3186 9.4319 9.529 9.6115 9.6821 9.7428 9.7948 9.8386 9.8743 9.9021 9.9226 9.9371 9.9472 9.9543 9.9596 9.9642 9.9684 9.9726 9.9764 9.9796 9.9814 9.9807 9.9764 9.9667 9.9501 9.9255 9.8922 9.8506 9.8024 9.7496 9.6948 9.6407 9.5897 9.5441 9.5052 9.5708 9.6201 9.6587 9.7075 9.7599 9.8128 9.8752 9.949 10.026 10.101
2.4372 2.611 2.8358 3.1187 3.4666 3.8242 4.1802 4.4856 4.7391 4.97 5.201 5.4438 5.7059 5.9852 6.2821 6.5897 6.9006 7.207 7.5033 7.7841 8.0475 8.2947 8.5273 8.749 8.9648 9.1772 9.3862 8.6899 8.8732 9.0456 9.203 9.3424 9.4621 9.5626 9.6459 9.7153 9.7734 9.8224 9.8631 9.8958 9.921 9.9392 9.9516 9.9597 9.965 9.9686 9.9715 9.9741 9.9769 9.9796 9.982 9.9836 9.9837 9.9814 9.9755 9.9647 9.9479 9.9247 9.8953 9.8608 9.823 9.7837 9.7454 9.7097 9.6784 9.6523 9.7343 9.7983 9.85 9.9115 9.9738 10.034 10.104 10.183 10.26 10.329
2.9234 3.0847 3.2853 3.5071 3.7246 3.9431 4.1602 4.3689 4.5748 4.7779 4.9925 5.2269 5.4865 5.7675 6.0691 6.3833 6.7023 7.0177 7.3246 7.6172 7.8946 8.1576 8.4078 8.648 8.8827 9.1138 8.4479 8.6547 8.8536 9.0401 9.2097 9.3586 9.4851 9.5893 9.6738 9.7424 9.7985 9.8448 9.8826 9.9126 9.9352 9.951 9.9614 9.9677 9.9713 9.9734 9.9748 9.9762 9.9778 9.9795 9.9812 9.9825 9.9828 9.9816 9.9778 9.9707 9.9594 9.9435 9.9234 9.8999 9.8744 9.8483 9.8232 9.8003 9.7807 9.7648 9.8597 9.9364 10.001 10.074 10.147 10.214 10.29 10.373 10.449 10.513
3.1841 3.3109 3.4596 3.6153 3.7745 3.9306 4.0856 4.2427 4.41 4.588 4.7868 5.0129 5.2702 5.5537 5.8606 6.1816 6.5079 6.8317 7.1477 7.451 7.7414 8.0196 8.2868 8.5453 8.7986 8.1634 8.3921 8.6154 8.8297 9.0301 9.2116 9.37 9.5029 9.6108 9.6967 9.7647 9.8191 9.863 9.8981 9.9255 9.9455 9.9591 9.9676 9.9722 9.9744 9.9752 9.9756 9.9759 9.9765 9.9774 9.9784 9.9793 9.9795 9.9786 9.9759 9.9707 9.9627 9.9517 9.9381 9.9227 9.9065 9.8905 9.8757 9.8627 9.8519 9.8435 9.9502 10.039 10.114 10.198 10.279 10.353 10.434 10.519 10.594 10.654
3.2834 3.3897 3.5097 3.6315 3.7522 3.8681 3.9824 4.1033 4.2415 4.3984 4.5835 4.803 5.0595 5.3468 5.6604 5.9886 6.3224 6.654 6.9786 7.2915 7.5941 7.8872 8.1706 8.4467 7.8423 8.0915 8.3368 8.5762 8.8054 9.0191 9.2118 9.3788 9.5178 9.6291 9.7161 9.7836 9.8364 9.878 9.9107 9.9355 9.9532 9.9647 9.9714 9.9746 9.9756 9.9755 9.975 9.9745 9.9743 9.9745 9.9748 9.9751 9.975 9.974 9.9716 9.9673 9.961 9.9528 9.9432 9.9331 9.9232 9.9143 9.9066 9.9004 9.8957 9.8924 10.011 10.111 10.197 10.29 10.377 10.458 10.543 10.628 10.698 10.754
3.3072 3.3939 3.4913 3.5884 3.6835 3.7734 3.8394 3.9136 4.0077 4.1469 4.3198 4.5557 4.8337 5.1471 5.4681 5.8044 6.1467 6.4869 6.8206 7.144 7.459 7.7662 8.0652 7.4912 7.7597 8.0249 8.2861 8.5404 8.7835 9.0095 9.3671 9.5839 9.7451 9.8661 9.9529 10.012 10.054 10.081 10.077 9.9439 9.9593 9.9689 10.064 9.976 9.9762 9.9754 9.9742 9.9731 9.9722 9.9716 9.9713 9.971 9.9704 9.969 9.9664 9.9623 9.9566 9.9496 9.9422 9.9351 9.929 9.9244 9.9212 9.9192 9.9182 9.9178 10.052 10.166 10.258 10.356 10.448 10.534 10.621 10.703 10.769 10.82
3.2841 3.3661 3.444 3.5212 3.5765 3.6271 3.654 3.6895 3.7456 3.8894 4.0699 4.3172 4.6115 4.9472 5.2757 5.6231 5.9785 6.3326 6.6798 7.0157 7.3434 7.6636 7.1202 7.4052 7.6877 7.9675 8.243 8.5109 8.9284 9.2405 9.5095 9.7459 9.9218 10.049 10.136 10.19 10.227 10.245 10.23 10.207 10.183 10.189 10.176 10.156 10.105 9.9755 9.9738 9.9721 9.9705 9.9692 9.9682 9.9672 9.9661 9.9642 9.9612 9.9568 9.951 9.9444 9.9379 9.9322 9.928 9.9257 9.9248 9.9251 9.926 9.9272 10.08 10.206 10.305 10.407 10.503 10.594 10.68 10.758 10.818 10.864
3.248 3.3259 3.3689 3.4123 3.4347 3.4531 3.448 3.4697 3.2032 3.3132 3.4509 4.072 4.3652 4.7121 5.0476 5.4158 5.8008 6.1859 6.5586 6.9129 7.2537 6.7424 7.0402 7.3359 7.6303 7.9225 8.3673 8.7271 9.0621 9.3779 9.6443 9.8709 10.054 10.186 10.274 10.328 10.363 10.378 10.381 10.371 10.359 10.34 10.314 10.281 10.23 10.179 10.129 10.084 9.9695 9.9675 9.9658 9.9641 9.9623 9.9599 9.9563 9.9514 9.9453 9.9385 9.932 9.9268 9.9233 9.9219 9.9221 9.9233 9.925 9.927 10.105 10.246 10.35 10.456 10.555 10.646 10.729 10.799 10.852 10.892
3.159 3.2168 3.24 3.2664 3.2746 3.2822 3.0028 3.064 3.1342 3.2129 3.3027 3.7958 4.0561 4.3928 4.7335 5.1402 5.5847 6.0326 6.4544 6.8385 6.3691 6.6792 6.9836 7.2872 7.7424 8.1213 8.4873 8.8522 9.1854 9.492 9.7673 10.001 10.189 10.324 10.413 10.467 10.501 10.515 10.514 10.501 10.485 10.463 10.434 10.395 10.352 10.307 10.258 10.195 10.123 9.9664 9.964 9.9617 9.9592 9.9561 9.9519 9.9464 9.9396 9.9324 9.9256 9.9202 9.9168 9.9156 9.9161 9.9176 9.9196 9.9218 10.15 10.287 10.397 10.505 10.606 10.697 10.774 10.834 10.878 10.912
3.0682 3.1061 3.1106 3.1227 2.8842 2.9267 2.9775 3.0341 3.0899 3.1313 3.1535 3.4606 3.5673 3.7916 4.1335 4.6608 5.2826 5.882 6.3743 5.9893 6.3295 6.6447 6.9529 7.458 7.8569 8.241 8.6055 8.9616 9.3016 9.6145 9.8946 10.132 10.323 10.459 10.548 10.603 10.635 10.649 10.646 10.63 10.612 10.587 10.556 10.515 10.468 10.417 10.363 10.308 10.239 10.156 9.9627 9.9598 9.9566 9.9528 9.9478 9.9414 9.9339 9.9259 9.9185 9.9127 9.9092 9.9079 9.9083 9.9099 9.912 10.065 10.205 10.334 10.448 10.557 10.657 10.743 10.811 10.861 10.896 10.926
2.8181 2.7851 2.7682 2.7747 2.8071 2.8626 2.934 3.0091 3.0675 3.0787 3.0006 3.0986 2.7773 2.6034 2.9314 3.791 4.8591 5.6925 5.539 5.9672 6.3216 6.6392 7.1705 7.5814 7.9781 8.3535 8.7233 9.0807 9.419 9.7296 10.007 10.242 10.429 10.564 10.653 10.709 10.744 10.76 10.759 10.745 10.727 10.704 10.672 10.631 10.583 10.532 10.478 10.424 10.367 10.292 10.221 10.135 9.9543 9.9496 9.9436 9.9362 9.9277 9.9188 9.9106 9.9043 9.9004 9.8989 9.8993 9.9008 9.9029 10.133 10.27 10.385 10.499 10.606 10.702 10.78 10.839 10.879 10.908 10.937
