data/Petrone_etal_2016/Sediment_thickness/tbl_sed_thick_total_wgs84.asc
ncols         866
nrows         297
xllcorner     -50.201966770779
yllcorner     67.120582669113
cellsize      7.2870550417999e-005
NODATA_value  -9999
[rows 170 to 203 of 297, columns 152 to 227 of 866]
-9999 -9999 -9999 -9999 -9999 -9999 -9999 -9999 -9999 -9999 -9999 -9999 -9999 -9999 -9999 -9999 -9999 -9999 -9999 -9999 -9999 -9999 -9999 -9999 -9999 -9999 -9999 -9999 -9999 -9999 -9999 -9999 -9999 -9999 -9999 -9999 -9999 -9999 -9999 -9999 -9999 -9999 -9999 -9999 -9999 -9999 -9999 -9999 -9999 -9999 -9999 -9999 -9999 -9999 -9999 -9999 -9999 -9999 -9999 -9999 -9999 -9999 -9999 -9999 -9999 -9999 -9999 -9999 -9999 -9999 -9999 -9999 3.0139 3.0139 3.0095 3.0049
-9999 -9999 -9999 -9999 -9999 -9999 -9999 -9999 -9999 -9999 -9999 -9999 -9999 -9999 -9999 -9999 -9999 -9999 -9999 -9999 -9999 -9999 -9999 -9999 -9999 -9999 -9999 -9999 -9999 -9999 -9999 -9999 -9999 -9999 -9999 -9999 -9999 -9999 -9999 -9999 -9999 -9999 -9999 -9999 -9999 -9999 -9999 -9999 -9999 -9999 -9999 -9999 -9999 -9999 -9999 -9999 -9999 -9999 -9999 -9999 -9999 -9999 -9999 -9999 -9999 -9999 -9999 -9999 -9999 -9999 -9999 -9999 2.9677 2.9825 2.9825 2.9887
-9999 -9999 -9999 -9999 -9999 -9999 -9999 -9999 -9999 -9999 -9999 -9999 -9999 -9999 -9999 -9999 -9999 -9999 -9999 -9999 -9999 -9999 -9999 -9999 -9999 -9999 -9999 -9999 -9999 -9999 -9999 -9999 -9999 -9999 -9999 -9999 -9999 -9999 -9999 -9999 -9999 -9999 -9999 -9999 -9999 -9999 -9999 -9999 -9999 -9999 -9999 -9999 -9999 -9999 -9999 -9999 1.8243 1.8243 1.211 0 0 0 0 0 1.2475 1.2475 2.1439 2.654 2.654 2.689 2.8335 2.8335 2.9083 2.941 2.941 2.9446
-9999 -9999 -9999 -9999 -9999 -9999 -9999 -9999 -9999 -9999 -9999 -9999 -9999 -9999 -9999 -9999 -9999 -9999 -9999 -9999 -9999 5.5908 5.5908 6.1845 6.0659 6.0659 5.9437 5.9437 5.7173 5.4375 5.4375 5.1523 4.4258 4.4258 -9999 -9999 -9999 -9999 -9999 -9999 -9999 -9999 -9999 -9999 -9999 -9999 -9999 -9999 -9999 -9999 -9999 -9999 -9999 -9999 1.5556 1.5556 0 0 0 0 0 0 0 0 1.0056 1.0056 1.7918 2.2819 2.2819 2.5992 2.764 2.764 2.8357 2.8481 2.8481 2.8082
-9999 -9999 -9999 -9999 -9999 -9999 -9999 -9999 -9999 -9999 -9999 -9999 -9999 -9999 -9999 -9999 -9999 -9999 5.6165 5.6165 5.5435 5.4858 5.4858 5.3968 5.2546 5.2546 5.0817 5.0817 4.8011 4.4885 4.4885 3.9677 3.692 3.692 3.2931 2.5341 2.5341 0 0 0 -9999 -9999 -9999 -9999 -9999 -9999 2.6042 2.6042 2.663 2.663 2.6741 2.574 2.574 2.2373 1.5047 1.5047 0 0 0 0 0 0 0 0 1.331 1.9942 1.9942 2.3073 2.3073 2.5778 2.7181 2.7181 2.7692 2.7585 2.7585 2.6835
-9999 -9999 -9999 -9999 -9999 -9999 -9999 -9999 -9999 -9999 -9999 -9999 -9999 -9999 -9999 -9999 4.8059 4.8059 5.1007 5.1007 5.0342 4.9908 4.9908 4.9188 4.7945 4.7945 4.6113 4.3515 4.3515 3.9131 3.9131 3.691 3.4393 3.4393 3.0931 2.3806 2.3806 1.5223 1.5223 0 0 0 0.97865 0 0 0 1.1621 1.1621 1.6794 1.6794 2.0941 2.2799 2.2799 2.2477 1.9824 1.9824 1.3657 1.3657 0.68125 0 0 0.90251 1.5477 1.5477 2.033 2.1475 2.1475 2.3789 2.3789 2.5093 2.5667 2.5667 2.5601 2.5811 2.5811 2.4051
-9999 -9999 -9999 -9999 -9999 -9999 -9999 -9999 -9999 -9999 -9999 -9999 -9999 -9999 -9999 4.2548 4.0783 4.0783 3.9644 3.9644 3.911 3.8949 3.8949 3.8876 3.8615 3.8615 3.8017 3.7058 3.7058 3.5814 3.5814 3.4348 3.2662 3.2662 3.0764 2.8456 2.8456 2.5721 2.5721 2.2623 1.8572 1.8572 1.2286 0 0 0 0 0 0 0 1.4277 2.093 2.093 2.4264 2.2706 2.2706 1.9718 1.9718 1.6357 1.5438 1.5438 1.9941 2.3407 2.3407 2.534 2.6285 2.6285 2.3662 2.3662 2.641 2.4686 2.4686 2.605 2.4656 2.4656 2.2174
-9999 -9999 -9999 -9999 -9999 -9999 -9999 -9999 -9999 -9999 -9999 -9999 -9999 -9999 -9999 3.7063 3.6119 3.6119 3.5721 3.5826 3.5826 3.6271 3.6271 3.6803 3.9299 3.7394 3.7158 3.654 3.654 3.5588 3.5588 3.4382 3.2991 3.2991 3.1477 2.9893 2.9893 2.8113 2.5888 2.5888 2.2452 2.2452 1.6841 1.0114 1.0114 0 0 0 0 0 1.179 1.9948 1.9948 2.4854 2.6259 2.6259 2.4129 2.3318 2.3318 2.2749 2.2749 2.2828 2.5972 2.5972 2.6909 2.7389 2.7389 2.73 2.73 2.6884 2.6296 2.6296 2.491 2.2431 2.2431 1.6942
-9999 -9999 -9999 -9999 -9999 -9999 -9999 -9999 -9999 -9999 -9999 -9999 -9999 3.4679 3.4679 3.4738 3.4812 3.4812 3.514 3.5684 3.5684 3.8734 3.8734 3.9829 4.0443 4.0443 4.041 3.9768 3.9768 3.8415 3.8415 3.6706 3.4847 3.4847 3.2536 3.1398 3.1398 3.0318 2.9068 2.9068 2.7257 2.7257 2.4497 2.022 2.022 1.3535 0 0 0 0 0 1.7893 1.7893 2.7118 3.1267 3.1267 3.2373 2.8989 2.8989 2.8447 2.8447 2.7596 2.6625 2.6625 2.9853 2.9638 2.9638 2.9089 2.9089 2.8055 2.6454 2.6454 2.3867 1.9973 1.9973 1.2737
-9999 -9999 -9999 -9999 -9999 -9999 -9999 -9999 -9999 -9999 0 0 1.6817 2.4237 2.4237 3.0476 3.6691 3.6691 3.9291 4.0963 4.0963 4.1905 4.1905 4.2254 4.1838 4.1838 4.079 3.9242 3.9242 3.7338 3.7338 3.4429 3.3215 3.3215 3.2194 3.1481 3.1481 3.1067 3.0827 3.0827 3.0479 3.0479 2.9715 2.8227 2.8227 2.5892 2.2122 2.2122 1.9347 2.0433 2.0433 2.4918 2.4918 3.4488 3.7702 3.4392 3.5469 3.5126 3.5126 3.0096 3.0096 2.903 2.7809 2.7809 3.1335 3.0647 3.0647 2.9869 2.8443 2.8443 2.6367 2.6367 2.3299 1.686 1.686 1.0687
3.0982 3.0982 2.0594 2.0594 0 0 0 0 0 0 0 0 0 1.995 1.995 3.2936 3.8199 3.8199 4.0999 4.2509 4.2509 4.2805 4.2805 4.2382 4.1178 4.1178 3.9612 3.5931 3.5931 3.4763 3.3613 3.3613 3.2636 3.2636 3.1954 3.1646 3.1646 3.1694 3.1999 3.1999 3.2339 3.2339 3.2456 3.2175 3.2175 3.1406 3.0486 3.0486 3.0059 3.0684 3.0684 3.6515 3.6515 3.925 4.1171 4.1171 4.1423 4.0643 4.0643 3.9215 3.9215 3.7635 3.5815 3.5815 3.4234 3.2627 3.2627 3.1007 2.8814 2.8814 2.5707 2.5707 1.9604 1.3761 1.3761 0.69683
2.8884 2.8884 1.6754 1.6754 0 0 0 0 0 0 0.93422 1.921 1.921 2.9248 2.9248 3.7567 4.2427 4.2427 4.4603 4.4999 4.4999 4.3965 4.3965 4.211 3.7093 3.7093 3.5722 3.4395 3.4395 3.336 3.2774 3.2774 3.2704 3.2704 3.3131 3.3986 3.3986 3.5156 3.6525 3.6525 3.7937 3.7937 4.1368 4.3138 4.3138 4.4437 4.5366 4.5366 4.6292 4.701 4.701 4.7501 4.7501 4.7695 4.7272 4.7272 4.6197 4.4648 4.4648 4.2722 4.0574 4.0574 3.834 3.834 3.6173 3.3697 3.3697 3.1166 2.5354 2.5354 2.2596 2.2596 1.7802 1.0118 1.0118 0
3.2049 3.2049 2.3499 2.3499 1.4447 0 0 0 0 0 1.8848 3.1756 3.1756 4.0626 4.0626 4.5085 4.7799 4.7799 4.8907 4.8732 4.8732 4.7249 4.4702 4.4702 3.9035 3.9035 3.7294 3.5828 3.5828 3.5044 3.5178 3.5178 3.6227 3.6227 3.7977 4.0087 4.0087 4.2234 4.4208 4.4208 4.1725 4.6608 4.6608 4.8585 4.8585 5.0023 5.0976 5.0976 5.1523 5.1676 5.1676 5.1444 5.1444 5.0818 4.9563 4.9563 4.7954 4.596 4.596 4.3676 4.1247 4.1247 3.8799 3.8799 3.6455 3.3635 3.3635 3.0669 2.4932 2.4932 2.1581 2.1581 1.6329 0.8968 0.8968 0
3.6128 3.6128 3.0141 2.2929 2.2929 1.5149 1.5149 0 0 0 2.2819 3.6841 3.6841 4.4912 4.4912 4.862 5.0785 5.0785 5.1596 5.1316 5.1316 5.004 4.7682 4.7682 4.464 4.464 3.9607 3.8083 3.8083 3.7349 3.7721 3.7721 3.9201 3.9201 4.1484 4.6581 4.6581 4.9845 5.2803 5.2803 5.5125 5.6948 5.6948 5.8306 5.8306 5.9028 5.9099 5.9099 5.8692 5.7805 5.7805 5.6461 5.6461 5.4674 5.2516 5.2516 5.007 4.7343 4.7343 4.4452 4.1567 4.1567 3.8788 3.8788 3.6145 3.2797 3.2797 2.9142 2.2567 2.2567 1.6553 1.6553 0.96182 0 0 0
4.617 4.617 4.2852 3.992 3.992 4.0499 4.0499 3.716 3.8205 3.8205 4.2249 4.9306 4.9306 5.3561 5.3561 5.559 5.6826 5.6826 5.7363 5.7434 5.7434 5.693 5.5351 5.5351 5.2934 5.2934 4.9941 4.4502 4.4502 4.3548 4.3861 4.3861 4.7899 4.7899 5.1572 5.5899 5.5899 5.9809 6.2397 6.2397 6.3915 6.4605 6.4605 6.4682 6.4682 6.4295 6.3482 6.3482 6.2239 6.0533 6.0533 5.8368 5.5766 5.5766 5.2846 5.2846 4.9745 4.6357 4.6357 4.3028 3.977 3.977 3.6772 3.6772 3.3899 3.0553 3.0553 2.6486 1.9699 1.9699 1.3538 0 0 0 0 0
6.2562 6.2562 6.0945 5.9877 5.9877 5.9345 5.9345 5.9343 5.9739 5.9739 6.0227 6.0842 6.0842 6.1501 6.2062 6.2062 6.2526 6.2526 6.289 6.3107 6.3107 6.2952 6.218 6.218 5.6892 5.6892 5.4135 5.0977 5.0977 4.6481 4.6529 4.6529 4.8063 5.4516 5.4516 5.8969 5.8969 6.2987 6.531 6.531 6.6586 6.6919 6.6919 6.6575 6.6575 6.5746 6.4493 6.4493 6.2808 6.066 6.066 5.8065 5.5067 5.5067 5.164 5.164 4.8154 4.4537 4.4537 4.1131 3.7912 3.7912 3.5175 3.5175 3.0286 2.7761 2.7761 2.4232 1.8593 1.8593 1.0376 0 0 0 0 0
6.8832 6.8832 6.7337 6.6272 6.6272 6.5586 6.5586 6.518 6.495 6.495 6.4858 6.4829 6.4829 6.4873 6.499 6.499 6.5195 6.5195 6.5461 6.5654 6.5654 6.5512 6.4753 6.4753 6.3187 6.3187 6.0435 5.6798 5.6798 5.3785 5.0009 5.0009 5.1154 5.7462 5.7462 6.1946 6.1946 6.6182 6.8496 6.8496 6.9312 6.9006 6.9006 6.7862 6.7862 6.6109 6.3851 6.3851 6.1142 5.784 5.784 5.4055 5.0134 5.0134 4.6106 4.6106 4.2362 3.6471 3.6471 3.4353 3.2581 3.2581 3.0917 2.8912 2.8912 2.5997 2.5997 2.1586 1.4845 1.4845 0.7422 0 0 0 0 0
7.681 7.681 7.5654 7.4681 7.4681 7.385 7.385 7.3083 7.2345 7.2345 7.1649 7.1023 7.1023 7.0534 7.0247 7.0247 7.0176 7.0176 7.0249 7.0241 7.0241 6.9853 6.8502 6.8502 6.6053 6.2707 6.2707 5.8821 5.8821 5.3151 5.2712 5.2712 5.3777 6.0473 6.0473 6.4542 6.4542 6.786 6.9268 6.9268 6.9098 6.7737 6.7737 6.5461 6.2345 6.2345 5.8598 5.8598 5.46 5.0328 5.0328 4.598 3.9781 3.9781 3.9568 3.9568 3.6964 3.4789 3.4789 3.3025 3.1517 3.1517 2.9919 2.7727 2.7727 2.4355 2.4355 1.9254 1.187 1.187 0 0 0 0 0 0
8.2092 8.2092 8.0987 7.9955 7.9955 7.8975 7.8033 7.8033 7.7123 7.5054 7.4228 7.349 7.349 7.2907 7.2532 7.2532 7.2381 7.2381 7.2358 7.2219 7.2219 7.1679 7.0197 7.0197 6.7698 6.4425 6.4425 5.6511 5.6511 5.5016 5.4718 5.4718 5.572 6.2729 6.2729 6.5913 6.5913 6.8188 6.8755 6.8755 6.7758 6.5422 6.5422 6.2272 5.8408 5.8408 5.4089 5.4089 4.9737 4.2673 4.2673 3.9658 3.7015 3.7015 3.4816 3.4816 3.3067 3.1672 3.1672 3.0416 2.8973 2.8973 2.6913 2.3779 2.3779 1.9011 1.9011 1.1932 0 0 0 0 0 0 0 0
8.3755 8.3755 8.2499 8.1303 8.1303 8.0202 7.9227 7.9227 7.8385 7.8385 7.7676 7.707 7.707 7.6548 7.61 7.61 7.5734 7.5734 7.5384 7.4903 7.4903 7.4143 7.2699 7.2699 7.0587 6.8308 6.8308 6.6238 6.6238 6.5021 6.5096 6.5096 6.6012 6.7034 6.7034 6.7634 6.7068 6.7068 6.4933 6.4933 6.1603 5.737 5.737 5.2813 4.5061 4.5061 4.168 4.168 3.8686 3.6162 3.6162 3.4121 3.2519 3.2519 3.1237 3.0095 3.0095 2.8834 2.8834 2.7148 2.4654 2.4654 2.1019 1.5623 1.5623 0.9416 0.9416 0 0 0 0 0 0 0 0 0
8.4644 8.4644 8.2345 8.0256 8.0256 7.8591 7.782 7.782 7.7548 7.7548 7.7917 7.8297 7.8297 7.8432 7.7833 7.7833 7.687 7.5646 7.5646 7.4307 7.4307 7.3036 7.1951 7.1951 7.1101 7.049 7.049 7.0092 7.0092 6.9766 6.9327 6.9327 6.8526 6.7074 6.7074 6.4611 6.112 6.112 5.6745 6.1308 5.7001 5.2131 5.2131 4.4586 4.1084 4.1084 3.8061 3.8061 3.5576 3.3616 3.3616 3.2089 3.086 3.086 2.9735 2.8485 2.8485 2.6841 2.6841 2.4455 2.1025 2.1025 1.5849 0.98823 0.98823 0 0 0 0 0 0 0 0 0 0 0
8.3443 8.3443 8.0463 7.7874 7.7874 7.6286 7.5828 7.5828 7.6355 7.6355 7.7549 7.8632 7.8632 7.8886 7.81 7.81 7.6362 7.4169 7.4169 7.1834 7.1834 6.9744 6.8148 6.8148 6.7699 6.7745 6.7745 6.8072 6.8072 6.8299 6.8074 6.8074 6.6839 6.4479 6.4479 6.1013 5.6627 5.6627 5.1629 5.1629 4.4064 4.035 4.035 3.7167 3.4628 3.4628 3.2692 3.2692 3.1206 2.9954 2.9954 2.8693 2.722 2.722 2.5235 2.2689 2.2689 1.9352 1.9352 1.481 0.94748 0.94748 0 0 0 0 0 0 0 0 0 0 0 0 0 0
7.8373 7.8373 7.5577 6.8318 6.8318 6.7903 6.8337 6.8337 7.607 7.607 7.7866 7.9193 7.9193 7.9265 7.785 7.785 7.475 7.0823 7.0823 6.0989 6.0989 5.7881 5.5582 5.5582 5.4424 5.4337 5.4337 5.9637 6.0642 6.0642 6.0907 6.0907 5.9206 5.5977 5.5977 5.1658 4.4201 4.4201 4.0422 4.0422 3.7107 3.445 3.445 3.2445 3.0906 3.0906 2.951 2.7948 2.7948 2.585 2.585 2.3184 1.9804 1.9804 1.5307 1.0146 1.0146 0 0 0 0 0 0 0 0 0 0 0 0 0 0 0 0 0 0 0
6.8125 6.8125 6.7768 7.3528 7.3528 7.518 7.6994 7.6994 7.8661 7.9572 7.9572 7.9778 7.9778 7.8683 7.6491 7.6491 7.259 6.7717 6.7717 6.2065 6.2065 5.6237 4.9607 4.9607 5.0611 5.0119 5.0119 5.4061 5.5174 5.5174 5.5515 5.5515 5.3935 5.074 5.074 4.6574 4.0583 4.0583 3.7318 3.7318 3.4616 3.2564 3.2564 3.1023 2.9666 2.9666 2.808 2.5818 2.5818 2.2558 2.2558 1.7758 1.2965 1.2965 0.80569 0 0 0 0 0 0 0 0 0 0 0 0 0 0 0 0 0 0 0 0 0
6.6977 6.6977 7.3248 7.5229 7.5229 7.7313 7.9071 7.9071 7.9968 7.9908 7.9908 7.9116 7.9116 7.7459 7.4848 7.4848 7.095 6.6133 6.6133 6.0385 6.0385 5.4365 4.906 4.906 4.4153 4.2516 4.2516 4.1979 4.3807 4.3807 4.3875 4.3875 4.2746 3.9175 3.9175 3.7078 3.488 3.488 3.2941 3.1384 3.1384 3.008 3.008 2.8701 2.6808 2.6808 2.3972 1.9594 1.9594 1.286 1.286 0 0 0 0 0 0 0 0 0 0 0 0 0 0 0 0 0 0 0 0 0 0 0.37996 0.69631 0.69631
7.165 7.504 7.504 7.7939 7.7939 7.948 7.9668 7.9668 7.8836 7.7199 7.7199 7.4893 7.4893 7.1951 6.8235 6.8235 6.3792 5.8847 5.8847 5.351 4.7989 4.7989 4.1777 4.1777 3.8663 3.6586 3.6586 3.5453 3.4916 3.4916 3.4563 3.4563 3.4091 3.3377 3.3377 3.2465 3.1473 3.1473 3.0432 2.9207 2.9207 2.7519 2.7519 2.4985 2.1282 2.1282 1.5816 0.9552 0.9552 0 0 0 0 0 0 0 0 0 0 0 0 0 0 0 0 0 0 0 0 0 0 0 0 0.5687 0.89711 0.89711
7.3759 7.6105 7.6105 7.7673 7.7673 7.7513 7.615 7.615 7.3719 7.4261 7.4261 7.0978 7.0978 6.72 6.2858 6.2858 5.8081 5.3122 5.3122 4.6011 4.2169 4.2169 3.879 3.879 3.6123 3.4293 3.4293 3.3224 3.2676 3.2676 3.2363 3.2363 3.2066 3.167 3.167 3.1148 3.0476 3.0476 2.9518 2.803 2.803 2.5598 2.5598 2.1943 1.64 1.64 1.013 0 0 0 0 0 0 0 0 0 0 0 0 0 0 0 0 0 0 0 0 0 0 0 0 0.55361 0.55361 0.95215 1.2451 1.2451
7.4417 7.5724 7.5724 7.6433 7.6433 7.5432 7.3294 7.3294 6.994 6.5644 6.5644 6.0659 5.5508 5.5508 4.7508 4.7508 4.3774 4.045 4.045 3.7616 3.5292 3.5292 3.3476 3.3476 3.2143 3.1257 3.1257 3.0735 3.0465 3.0465 3.0334 3.0263 3.0263 3.0178 3.0178 2.9959 2.9342 2.9342 2.7923 2.5193 2.5193 2.0552 2.0552 1.3288 0 0 0 0 0 0 0 0 0 0 0 0 0 0 0 0 0 0 0 0 0 0 0 0 0 0.64041 0.64041 1.0198 1.0198 1.3634 1.6122 1.6122
7.3896 7.2996 7.2996 7.1658 7.1658 6.9243 6.5982 6.5982 6.1404 5.6057 5.6057 4.7295 4.2931 4.2931 3.9094 3.9094 3.6039 3.3802 3.3802 3.2298 3.1335 3.1335 3.074 3.074 3.0375 3.017 3.017 3.0067 3.0023 3.0023 3.0006 3.0001 3.0001 2.9958 2.9958 2.9727 2.8907 2.8907 2.6966 2.3744 2.3744 1.7208 1.7208 0.89754 0 0 0 0 0 0 0 0 0 0 0 0 0 0 0 0 0 0 0 0 0 0 0 0 0.5837 0.96361 0.96361 1.3156 1.3156 1.5902 1.8104 1.8104
7.1872 7 7 6.7647 6.7647 6.4802 6.1345 6.1345 5.6853 5.1501 5.1501 4.3841 3.9755 3.9755 3.6309 3.6309 3.374 3.2036 3.2036 3.1047 3.052 3.052 3.0251 3.0251 3.0109 3.004 3.004 3.0012 3.0003 3.0003 3.0001 3 3 2.9958 2.9958 2.9727 2.8907 2.8907 2.6966 2.2781 2.2781 1.4715 0 0 0 0 0 0 0 0 0 0 0 0 0 0 0 0 0 0 0 0 0 0 0 0 0.68755 0.68755 1.1839 1.5536 1.5536 1.8263 1.8263 2.0456 2.2295 2.2295
6.2995 5.9252 5.9252 5.2221 5.3145 5.3145 5.0435 5.0435 4.7223 4.3549 4.3549 3.8394 3.5473 3.5473 3.3111 3.3111 3.1491 3.0568 3.0568 3.0166 3.0038 3.0038 3.0012 3.0003 3.0003 3.0001 3.0001 3 3 3 3 3 3 2.9973 2.9973 2.9816 2.9258 2.9258 2.7882 2.5183 2.5183 2.0571 1.3338 1.3338 0 0 0 0 0 0 0 0 0 0 0 0 0 0 0 0 0 0 0 0 0 0.79278 1.292 1.292 1.7323 1.8088 1.8088 2.0598 2.0598 2.2674 2.4448 2.4448
4.8153 4.4602 4.4602 4.196 4.0113 4.0113 3.8723 3.8723 3.8456 3.6801 3.6801 3.4348 3.2815 3.2815 3.1555 3.1555 3.0694 3.0224 3.0224 3.0042 3.0001 3.0001 3 3 3 3 3 3 3 3 3 3 3 2.9983 2.9983 2.9878 2.9503 2.9503 2.8536 2.6657 2.6657 2.332 1.7689 1.7689 1.1019 1.1019 0 0 0 0 0 0 0 0 0 0 0 0 0 0 0 0 0 0.65384 0.65384 1.1885 1.6611 1.6611 2.014 2.2971 2.2971 2.5192 2.7104 2.7104 2.8848 2.8848
4.3251 3.9952 3.9952 3.7684 3.6273 3.6273 3.5369 3.5369 3.4608 3.3758 3.3758 3.2791 3.1828 3.1828 3.1017 3.0454 3.0454 3.0145 3.0145 3.0026 3 3 3 3 3 3 3 3 3 3 3 3 3 2.9997 2.9969 2.9969 2.9857 2.9857 2.9527 2.8796 2.8796 2.7445 2.5239 2.5239 2.1929 2.1929 1.7004 1.1938 1.1938 0.68836 0 0 0 0 0 0 0 0 0 0 0 0.8903 0.8903 1.4452 1.4452 1.9342 2.2932 2.2932 2.5616 2.7879 2.7879 2.9862 3.1689 3.1689 3.3449 3.3449
3.5735 3.3553 3.3553 3.2276 3.1638 3.1638 3.1358 3.1358 3.1203 3.1031 3.1031 3.0801 3.0544 3.0544 3.0311 3.0142 3.0142 3.0046 3.0046 3.0008 3 3 3 3 3 3 3 3 3 3 3 3 3 3 2.9997 2.9997 2.9979 2.9979 2.9916 2.9754 2.9754 2.9379 2.8622 2.8622 2.7149 2.7149 2.4638 2.0668 2.0668 1.5345 0.87439 0.87439 0.35341 0 0 0 0 0 0 0 0.74303 1.3485 1.3485 1.8779 1.8779 2.2697 2.5805 2.5805 2.8234 3.0332 3.0332 3.2241 3.4049 3.4049 3.5818 3.5818
