data/Petrone_etal_2016/Sediment_thickness/tbl_sed_thick_glacial_dep_wgs84.asc
ncols         865
nrows         297
xllcorner     -50.201966770779
yllcorner     67.120544222588
cellsize      7.2999999999998e-005
NODATA_value  -9999
[rows 170 to 203 of 297, columns 228 to 303 of 865]
2.9995 2.9995 2.9869 2.947 2.947 2.838 2.838 2.6068 2.1931 2.1931 1.5176 0.75984 0.75984 0 0 0 0 0 0 0 0 0 0 0 0 0 0 0 0 0 0 0 0 0 0 0.99711 0.99711 1.8127 2.413 2.413 2.8273 3.141 3.141 3.3745 3.5682 3.5682 3.7363 3.7363 3.8882 4.0277 4.0277 4.1624 4.3021 4.3021 4.4588 4.4588 4.6397 4.8471 4.8471 5.074 5.3098 5.3098 5.5364 5.7373 5.7373 5.8986 5.8986 6.0158 6.0895 6.0895 6.1267 6.1352 6.1352 6.1212 6.1212 6.0841
2.9635 2.9635 2.9228 2.8249 2.8249 2.628 2.628 2.2955 1.7676 1.7676 0.98429 0 0 0 0 0 0 0 0 0 0 0 0 0 0 0 0 0 0 0 0 0 0 0 0 1.1503 1.1503 2.0259 2.4762 2.4762 2.8693 3.1585 3.1585 3.3668 3.5394 3.5394 3.6953 3.6953 3.848 4.0034 4.0034 4.1678 4.3471 4.3471 4.5458 4.5458 4.7629 4.9927 4.9927 5.2229 5.4396 5.4396 5.6268 5.774 5.774 5.8758 5.8758 5.9356 5.9605 5.9605 5.9608 5.9451 5.9451 5.9191 5.8822 5.8822
2.9168 2.9168 2.8392 2.6864 2.6864 2.4154 2.4154 2.006 1.3928 1.3928 0.70886 0 0 0 0 0 0 0 0 0 0 0 0 0 0 0 0 0 0 0 0 0 0 0 0 1.4735 1.4735 2.2446 2.7548 2.7548 3.086 3.3294 3.3294 3.5107 3.6716 3.6716 3.8336 3.8336 4.0097 4.2032 4.2032 4.4126 4.6329 4.6329 4.856 5.0718 5.0718 5.2695 5.2695 5.438 5.5685 5.5685 5.6553 5.6986 5.6986 5.7028 5.7028 5.6757 5.6266 5.6266 5.5642 5.4953 5.4953 5.4241 5.352 5.352
2.703 2.703 2.4942 2.1543 2.1543 1.6161 0.99696 0.99696 0 0 0 0 0 0 0 0 0 0 0 0 0 0 0 0 0 0 0 0 0 0 0.89652 0.89652 1.4246 1.9509 1.9509 2.4202 2.8346 2.8346 3.187 3.187 3.4597 3.6798 3.6798 3.8648 4.0376 4.0376 4.2096 4.2096 4.3838 4.5573 4.5573 4.7244 4.8793 4.8793 5.0187 5.1416 5.1416 5.2476 5.2476 5.3327 5.3912 5.3912 5.4171 5.4064 5.4064 5.3576 5.3576 5.2744 5.1655 5.4176 5.3237 5.224 5.224 5.1239 5.0265 5.0265
2.2929 2.2929 1.894 1.2438 1.2438 0 0 0 0 0 0 0 0 0 0 0 0 0 0 0 0 0.42865 0.6009 0.6009 0 0 0 0.66583 0.66583 1.0625 1.497 1.497 1.9827 2.4027 2.4027 2.7845 3.1248 3.1248 3.4223 3.4223 3.6747 3.8902 3.8902 4.0797 4.2556 4.2556 4.4219 4.4219 4.5762 4.7122 4.7122 4.8248 4.9122 4.9122 4.9788 5.0337 5.0337 5.0845 5.0845 5.1306 5.1653 5.1653 5.1775 5.1567 5.1567 5.0951 4.9937 4.9937 4.8622 4.8622 4.7132 4.5605 4.5605 4.4142 4.2815 4.2815
2.0299 2.0299 1.4921 0.79239 0.79239 0 0 0 0 0 0 0 0 0 0 0 0 0 0 0.56113 0.56113 0.86245 1.1163 1.1163 1.3272 1.5519 1.5519 1.8188 1.8188 2.1106 2.4207 2.4207 2.7314 3.0401 3.0401 3.3354 3.6124 3.6124 3.8675 3.8675 4.1 4.3102 4.3102 4.4988 4.6648 4.6648 4.801 4.8951 4.8951 4.9359 4.9359 4.9195 4.8519 4.8519 4.7543 4.6557 4.6557 4.5822 4.5822 4.5414 4.5254 4.5254 4.5138 4.482 4.482 4.4094 4.2894 4.2894 4.1329 4.1329 3.9573 3.7851 3.7851 3.6313 3.5062 3.5062
1.3897 1.3897 0.73218 0 0 0 0 0 0 0 0 0 0 0 0 0 0.63379 1.0124 1.0124 1.3541 1.3541 1.6114 1.832 1.832 2.037 2.2458 2.2458 2.4694 2.4694 2.7112 2.9688 2.9688 3.2352 3.5037 3.5037 3.7678 4.0227 4.0227 4.2633 4.2633 4.4855 4.6855 4.6855 4.8603 5.0052 5.0052 5.109 5.156 5.156 5.1314 5.1314 5.0297 4.8586 4.8586 4.6446 4.4946 4.4946 4.3592 4.3592 4.2693 4.2188 4.2188 4.1857 4.1408 4.1408 4.0577 3.9237 3.9237 3.7482 3.7482 3.5513 3.3633 3.3633 3.2031 3.0842 3.0842
0.85234 0.85234 0 0 0 0 0 0 0 0 0 0 0 0 0.64101 0.64101 1.031 1.3853 1.3853 1.6514 1.6514 1.8748 2.0739 2.0739 2.2683 2.4706 2.4706 2.6889 2.9249 2.9249 3.1757 3.1757 3.4354 3.6976 3.6976 3.9561 4.2056 4.2056 4.4409 4.4409 4.6573 4.8506 4.8506 5.0171 5.152 5.152 5.2449 5.281 5.281 5.2457 5.2457 5.1332 4.9495 4.9495 4.719 4.4772 4.4772 4.2608 4.0889 4.0889 3.9617 3.9617 3.8596 3.7471 3.7471 3.5861 3.3488 3.3488 3.0306 3.0306 2.635 2.1417 2.1417 1.8586 1.7529 1.7529
0.6511 0.6511 0 0 0 0 0 0 0 0 0 0.60192 0.60192 1.0102 1.3813 1.3813 1.6569 1.877 1.877 2.0615 2.0615 2.2318 2.4034 2.4034 2.5876 2.7907 2.7907 3.0137 3.2538 3.2538 3.5056 3.5056 3.7628 4.0193 4.0193 4.2699 4.5097 4.5097 4.7341 4.9383 4.9383 5.118 5.118 5.2689 5.3874 5.3874 5.4671 5.4996 5.4996 5.4757 5.4757 5.3917 5.2503 5.2503 5.065 4.8561 4.8561 4.6471 4.4533 4.4533 4.2768 4.2768 4.1019 3.8843 3.8843 3.5738 3.0731 3.0731 2.2728 1.3744 1.3744 0 0 0 0 0
0 0 0 0 0 0 0 0 0 0.75275 0.75275 1.2211 1.2211 1.5613 1.8109 1.8109 2.0003 2.1554 2.1554 2.2995 2.2995 2.4493 2.6152 2.6152 2.8021 3.0108 3.0108 3.2392 3.4822 3.4822 3.7335 3.7335 3.9865 4.2355 4.2355 4.4761 4.7043 4.7043 4.9165 5.1081 5.1081 5.2113 5.2113 5.3552 5.4667 5.4667 5.5418 5.5759 5.5759 5.5637 5.5637 5.5035 5.397 5.397 5.2525 5.0816 5.0816 4.8994 4.7164 4.7164 4.5338 4.5338 4.3364 4.0775 4.0775 3.7015 3.0693 3.0693 1.9847 0 0 0 0 0 0 0
0 0 0 0 0 0 0 0 0.49543 0.98364 0.98364 1.425 1.425 1.7255 1.9414 1.9414 2.105 2.2435 2.2435 2.3797 2.5274 2.5274 2.6938 2.6938 2.8817 3.0911 3.0911 3.3192 3.5606 3.5606 3.809 3.809 4.0576 4.3012 4.3012 4.5355 4.7574 4.7574 4.963 5.1481 5.1481 5.3081 5.3081 5.4384 5.5367 5.5367 5.6019 5.6349 5.6349 5.6371 5.6104 5.6104 5.5566 5.5566 5.4772 5.3735 5.3735 5.2478 5.1021 5.1021 4.9348 4.9348 4.7316 4.4524 4.4524 4.0373 3.3924 3.3924 2.3633 1.1943 1.1943 0 0 0 0 0
0 0 0 0 0 0 0 0 0.85174 1.3623 1.3623 1.7058 1.7058 1.936 2.1049 2.1049 2.238 2.3629 2.3629 2.4948 2.6415 2.6415 2.8066 2.8066 2.9913 3.1954 3.1954 3.4161 3.6484 3.6484 3.8858 4.1219 4.1219 4.3518 4.3518 4.5722 4.78 4.78 4.972 5.1438 5.1438 5.2904 5.2904 5.4071 5.4918 5.4918 5.5449 5.57 5.57 5.5716 5.5538 5.5538 5.5192 5.5192 5.4679 5.3983 5.3983 5.3078 5.1943 5.1943 5.0548 4.8789 4.8789 4.6454 4.6454 4.3097 3.8488 3.8488 3.1492 2.0943 2.0943 0 0 0 0 0
0 0 0 0 0 0 0.78924 0.78924 1.2817 1.633 1.633 1.8817 1.8817 2.0579 2.1924 2.1924 2.3102 2.429 2.429 2.5569 2.698 2.698 2.8547 2.8547 3.0286 3.22 3.22 3.4328 3.6582 3.6582 3.8883 4.117 4.117 4.3392 4.3392 4.552 4.7524 4.7524 4.9374 5.1023 5.1023 5.2421 5.2421 5.3523 5.4306 5.4306 5.4781 5.499 5.499 5.4984 5.4814 5.4814 5.4505 5.4505 5.4063 5.3464 5.3464 5.2677 5.1667 5.1667 5.0404 4.8808 4.8808 4.6752 4.6752 4.3919 4.0153 4.0153 3.4803 2.7121 2.7121 2.0144 2.0144 1.5474 1.5534 1.5534
0 0 0 0 0 0.51184 1.0055 1.0055 1.4391 1.7341 1.7341 1.9411 2.0926 2.0926 2.2132 2.2132 2.3246 2.4393 2.4393 2.5629 2.6985 2.6985 2.8485 2.8485 3.0148 3.1983 3.1983 3.3973 3.6074 3.6074 3.8221 4.0353 4.0353 4.242 4.242 4.4391 4.6243 4.6243 4.7945 4.9455 4.9455 5.0726 5.1714 5.1714 5.2402 5.2402 5.2806 5.2972 5.2972 5.2959 5.2823 5.2823 5.2598 5.2598 5.2287 5.1865 5.1865 5.1286 5.0499 5.0499 4.9461 4.8133 4.8133 4.6483 4.6483 4.4441 4.2001 4.2001 3.921 3.6318 3.6318 3.3587 3.135 3.135 2.9755 2.9755
0 0 0 0.42732 0.42732 0.87517 1.3067 1.3067 1.6162 1.8359 1.8359 1.9903 2.1043 2.1043 2.2027 2.2027 2.3 2.4026 2.4026 2.5129 2.6333 2.6333 2.7663 2.914 2.914 3.0777 3.0777 3.2562 3.4461 3.4461 3.642 3.8386 3.8386 4.0315 4.0315 4.2175 4.3927 4.3927 4.5535 4.6956 4.6956 4.8148 4.9076 4.9076 4.9735 4.9735 5.0144 5.0349 5.0349 5.0406 5.0369 5.0369 5.027 5.027 5.0114 4.9868 4.9868 5.0422 4.9734 4.9734 4.879 4.7558 4.7558 4.6033 4.6033 4.4217 4.2151 4.2151 3.9904 3.7618 3.7618 3.5444 3.3562 3.3562 3.2083 3.2083
0 0 0 0.43617 0.43617 0.893 1.3257 1.3257 1.6211 1.8163 1.8163 1.946 2.0384 2.0803 2.1697 2.1697 2.2594 2.3543 2.3543 2.4564 2.5676 2.5676 2.69 2.8249 2.8249 2.9716 2.9716 3.1287 3.2945 3.2945 3.4685 3.6508 3.6508 3.8397 3.8397 4.0311 4.2168 4.2168 4.3885 4.5374 4.5374 4.6593 4.7525 4.7525 4.8195 4.8195 4.8633 4.8885 4.8885 4.9003 4.9036 4.9036 4.9016 4.8943 4.8943 4.8783 4.8783 4.848 4.7961 4.7961 4.7169 4.6077 4.6077 4.4704 4.4704 4.3103 4.1354 4.1354 3.9539 3.774 3.774 3.6028 3.4478 3.4478 3.3156 3.3156
0 0 0 0 0.78651 0.78651 1.27 1.27 1.5837 1.7733 1.7733 1.8964 1.981 1.981 2.0544 2.0544 2.128 2.2064 2.2064 2.2903 2.3801 2.3801 2.473 2.5624 2.5624 2.6372 2.6372 2.691 2.7174 2.7174 2.7436 2.8306 2.8306 3.0304 3.3406 3.3406 3.6716 3.6716 3.9621 4.1712 4.1712 4.3212 4.4228 4.4228 4.4957 4.4957 4.5478 4.5852 4.5852 4.6117 4.6314 4.6314 4.6464 4.6564 4.6564 4.6573 4.6573 4.6427 4.6048 4.6048 4.5374 4.4381 4.4381 4.3099 4.1599 4.1599 3.9976 3.9976 3.8326 3.673 3.673 3.5247 3.3928 3.3928 3.2816 3.2816
0 0 0 0 0.74341 0.74341 1.1995 1.1995 1.4892 1.6579 1.6579 1.7627 1.8312 1.8312 1.8894 1.9476 1.9476 2.0098 2.0098 2.0747 2.1378 2.1378 2.1834 2.1902 2.1902 2.1227 2.1227 1.9579 1.6175 1.6175 1.1723 0 0 0 2.0225 2.0225 2.9587 2.9587 3.5064 3.8072 3.8072 3.9991 4.1136 4.262 4.3387 4.3387 4.3953 4.4392 4.4392 4.4734 4.5014 4.5014 4.525 4.5434 4.5434 4.5522 4.5522 4.5448 4.513 4.513 4.4506 4.3554 4.3554 4.2309 4.0849 4.0849 3.9278 3.9278 3.7698 3.6192 3.6192 3.4816 3.3612 3.3612 3.2612 3.2612
0 0 0 0.40216 0.8162 0.8162 1.1979 1.1979 1.4432 1.5935 1.5935 1.6846 1.7445 1.7445 1.7955 1.847 1.847 1.9019 1.9019 1.9573 2.0045 2.0045 2.0204 1.9775 1.9775 1.8208 1.8208 1.4658 0.98341 0.98341 0 0 0 0 1.5929 1.5929 2.7212 2.7212 3.3327 3.6624 3.6624 3.8662 3.9852 3.9852 4.0689 4.1345 4.1345 4.1905 4.1905 4.239 4.2827 4.2827 4.3219 4.354 4.354 4.3733 4.3733 4.3723 4.3434 4.3434 4.2818 4.188 4.188 4.0685 3.9324 3.9324 3.7901 3.7901 3.6507 3.5212 3.5212 3.4058 3.3071 3.3071 3.2271 3.1676
0 0 0 0.49877 0.89853 0.89853 1.1766 1.1766 1.3478 1.4563 1.4563 1.5193 1.5639 1.5639 1.6043 1.6466 1.6466 1.6901 1.6901 1.7262 1.7364 1.7364 1.6872 1.5443 1.5443 1.2468 0.71814 0.71814 0 0 0 0 0 0.89367 1.806 1.806 2.6389 2.6389 3.1706 3.4956 3.4956 3.6918 3.8121 3.8121 3.9002 3.9735 3.9735 4.0388 4.0388 4.0983 4.1538 4.1538 4.2034 4.2398 4.2398 4.2454 4.205 4.205 4.1117 4.1117 3.9824 3.8408 3.8408 3.714 3.6137 3.6137 3.5411 3.5411 3.4802 3.4167 3.4167 3.3448 3.2718 3.2718 3.2159 3.1622
0 0 0 0.56788 0.90778 0.90778 1.1223 1.2459 1.2459 1.3209 1.3209 1.3666 1.4043 1.4043 1.4428 1.4842 1.4842 1.5234 1.5234 1.5428 1.5147 1.5147 1.3965 1.15 1.15 0.73166 0 0 0 0 0 0 0 1.1023 2.0291 2.0291 2.7163 2.7163 3.1775 3.4758 3.4758 3.6574 3.7752 3.7752 3.8641 3.9397 3.9397 4.0076 4.0076 4.0699 4.1288 4.1288 4.1805 4.2149 4.2149 4.2021 4.1179 4.1179 3.9183 3.9183 3.6451 3.3774 3.3774 3.2364 3.2317 3.2317 3.2941 3.2941 3.3439 3.3462 3.3462 3.3125 3.2566 3.2566 3.1968 3.1458
0 0.33376 0.33376 0.65499 0.92936 0.92936 1.1001 1.2021 1.2021 1.2645 1.2645 1.3055 1.342 1.342 1.3809 1.4233 1.4233 1.4633 1.4633 1.4799 1.4439 1.4439 1.2931 0.95413 0.95413 0.50091 0 0 0 0 0 0 0 1.543 2.3991 2.3991 2.9579 3.3083 3.3083 3.5432 3.5432 3.6945 3.8038 3.8038 3.8906 3.9652 3.9652 4.0314 4.0314 4.092 4.1495 4.1495 4.1986 4.2248 4.2248 4.1782 4.019 4.019 3.554 3.554 2.4847 0 0 0 1.636 1.636 2.4055 2.9812 2.9812 3.2029 3.2029 3.243 3.2184 3.2184 3.1592 3.0948
0.30464 0.59049 0.59049 0.83233 0.98798 0.98798 1.0887 1.1515 1.1515 1.1891 1.1891 1.2119 1.2282 1.2282 1.2454 1.2719 1.2719 1.311 1.348 1.348 1.3594 1.3594 1.262 0.93587 0.93587 0 0 0 0 0 1.1443 1.8049 1.8049 2.4428 2.92 2.92 3.286 3.544 3.544 3.7263 3.7263 3.8558 3.9551 3.9551 4.0347 4.1011 4.1011 4.1576 4.2077 4.2077 4.2546 4.2546 4.2946 4.3155 4.3155 4.2732 4.1316 4.1316 3.7585 3.7585 2.4838 0 0 0 0 0 2.0138 2.8765 2.8765 3.1747 3.1747 3.2238 3.2021 3.2021 3.1375 3.0612
0.6101 0.83196 0.83196 0.97898 1.0753 1.0753 1.134 1.1569 1.1569 1.1464 1.1464 1.0982 1.024 1.024 0.92743 1.1079 1.1079 1.1258 1.1895 1.1895 1.284 1.284 1.3245 1.2259 1.2259 1.11 1.0838 1.0838 1.3809 1.3809 1.8338 2.374 2.374 2.8166 3.1844 3.1844 3.4742 3.693 3.693 3.8549 3.8549 3.976 4.0703 4.0703 4.1455 4.2067 4.2067 4.2574 4.3012 4.3012 4.3416 4.3416 4.3764 4.3965 4.3965 4.3695 4.2679 4.2679 4.0297 4.0297 3.698 3.2587 3.2587 2.746 2.6072 2.6072 2.7652 3.1504 3.1504 3.2906 3.2906 3.2833 3.2341 3.2341 3.1515 3.0497
0.774 0.93969 0.93969 1.0608 1.1414 1.1414 1.1842 1.1846 1.1846 1.1282 1.1282 1.0085 0.80819 0.80819 0.61284 0.42037 0.42037 0 0 0 0.81823 0.81823 1.3307 1.8009 1.8009 2.0865 2.3283 2.3283 2.5761 2.8454 2.8454 3.1278 3.1278 3.4039 3.6521 3.6521 3.8628 4.0345 4.0345 4.1724 4.1724 4.282 4.3687 4.3687 4.4368 4.4901 4.4901 4.5321 4.5666 4.5666 4.5971 4.5971 4.6242 4.644 4.644 4.6452 4.6157 4.6157 4.5399 4.4204 4.4204 4.2659 4.2659 4.1053 3.9527 3.9527 3.8248 3.7152 3.7152 3.6219 3.6219 3.5302 3.4412 3.4412 3.3464 3.235
1.0395 1.1694 1.1694 1.265 1.3339 1.3339 1.3616 1.334 1.334 1.166 0.7823 0.7823 0 0 0 0 0 0 0 0 1.0676 1.0676 1.7119 2.2712 2.2712 2.6222 2.899 2.899 3.1508 3.3942 3.3942 3.634 3.634 3.8638 4.075 4.075 4.261 4.4191 4.4191 4.5498 4.6557 4.6557 4.7399 4.7399 4.8059 4.8572 4.6647 4.705 4.7377 4.7377 4.7662 4.7662 4.7916 4.8115 4.8115 4.8189 4.8044 4.8044 4.7572 4.6732 4.6732 4.5537 4.5537 4.4112 4.2574 4.2574 4.1065 3.9651 3.9651 3.8389 3.8389 3.7262 3.6277 3.6277 3.5335 3.4269
1.3119 1.2955 1.2955 1.3895 1.4622 1.4622 1.4955 1.4751 1.4751 1.297 0.79833 0.79833 0 0 0 0 0 0 1.0625 1.0625 1.6337 1.6337 2.1642 2.5545 2.5545 2.8712 3.1364 3.1364 3.382 3.6201 3.6201 3.8541 3.8541 4.0779 4.2842 4.2842 4.4669 4.6233 4.6233 4.7536 4.8596 4.8596 4.9444 4.9444 5.0112 5.0637 5.0637 5.1053 5.1399 5.1399 5.1702 5.1702 5.1972 5.2189 5.2189 5.2301 5.2233 5.2233 5.1907 5.1272 5.1272 5.0324 5.0324 4.9113 4.7729 4.7729 4.6282 4.4878 4.4878 4.3595 4.2479 4.2479 4.1544 4.1544 4.0728 3.9902
1.4624 1.5822 1.5822 1.6853 1.7782 1.7782 1.8467 1.8836 1.8836 1.8364 1.6488 1.6488 1.5767 1.5767 1.6314 1.8886 1.8886 2.122 2.3824 2.3824 2.6556 2.9183 2.9183 3.1597 3.1597 3.3909 3.6164 3.6164 3.8422 4.0693 4.0693 4.2941 4.2941 4.51 4.71 4.71 4.889 5.0445 5.0445 5.176 5.2849 5.2849 5.3735 5.3735 5.4449 5.5026 5.5026 5.5502 5.5912 5.5912 5.6283 5.662 5.662 5.6902 5.6902 5.7079 5.7088 5.7088 5.6865 5.6372 5.6372 5.5612 5.5612 5.4628 5.3496 5.3496 5.2305 5.1144 5.1144 5.0079 4.9152 4.9152 4.838 4.838 4.7741 4.7183
1.7961 1.9205 2.04 2.04 2.1575 2.1575 2.2691 2.3736 2.3736 2.4694 2.5647 2.5647 2.6644 2.6644 2.7781 2.9072 2.9072 3.0531 3.2091 3.2091 3.3729 3.5426 3.5426 3.7208 3.7208 3.9092 4.1083 4.1083 4.3164 4.5293 4.5293 4.7411 4.7282 4.7282 4.9244 4.9244 5.1014 5.2566 5.2566 5.3893 5.5004 5.5004 5.5919 5.5919 5.6667 5.7281 5.7281 5.7797 5.825 5.825 5.8664 5.9046 5.9046 5.9375 5.9375 5.9606 5.9681 5.9681 5.9543 5.9158 5.9158 5.8526 5.8526 5.7688 5.6708 5.6708 5.5668 5.4645 5.4645 5.3701 5.2875 5.2875 5.2187 5.2187 5.1627 5.117
1.978 2.1076 2.2359 2.2359 2.3644 2.3644 2.4917 2.6173 2.6173 2.7404 2.8631 2.8631 2.9864 2.9864 3.113 3.2431 3.2431 3.378 3.5174 3.5174 3.6633 3.8179 3.8179 3.9841 3.9841 4.163 4.354 4.354 4.5541 4.7587 4.7587 4.9625 5.1601 5.1601 5.3465 5.3465 5.5179 5.6717 5.6717 5.8066 5.9228 5.9228 6.0213 6.0213 6.1043 6.1746 6.1746 6.2355 6.2903 6.2903 6.3414 6.3898 6.3898 6.4343 6.4343 6.4715 6.4967 6.4967 6.5052 6.4938 6.4938 6.4618 6.4115 6.4115 6.3477 6.3477 6.2762 6.2032 6.2032 6.1338 6.0718 6.0718 6.0194 6.0194 5.9772 5.945
2.3679 2.5122 2.6572 2.6572 2.8031 2.8031 2.9493 3.0951 3.0951 3.2397 3.382 3.382 3.5211 3.657 3.657 3.79 3.79 3.9219 4.0552 4.0552 4.1933 4.3392 4.3392 4.4952 4.4952 4.6616 4.8375 4.8375 5.0201 5.2059 5.2059 5.3911 5.5719 5.5719 5.7451 5.7451 5.9077 6.0573 6.0573 6.1921 6.3116 6.3116 6.4161 6.5068 6.5068 6.586 6.586 6.6564 6.7213 6.7213 6.7831 6.8433 6.8433 6.9018 6.9018 6.9563 7.0033 7.0033 7.0385 7.0584 7.0584 7.0614 6.7344 6.7344 6.6887 6.6887 6.6343 6.5766 6.5766 6.5204 6.4692 6.4692 6.4252 6.3897 6.3897 6.3626
2.7911 2.9503 3.1093 3.1093 3.2678 3.2678 3.4253 3.5811 3.5811 3.7345 3.8845 3.8845 4.03 4.1707 4.1707 4.3068 4.3068 4.1813 4.3145 4.3145 4.451 4.5938 4.5938 4.7447 4.9043 4.9043 5.0716 5.0716 5.2443 5.4195 5.4195 5.5942 5.7654 5.7654 5.9305 5.9305 6.0868 6.2323 6.2323 6.3652 6.4845 6.4845 6.5904 6.6837 6.6837 6.7663 6.7663 6.841 6.9107 6.9107 6.9779 7.0444 7.0444 7.1104 7.1104 7.1743 7.2329 7.2329 7.2821 7.3182 7.3182 7.3391 7.3446 7.3446 7.3365 7.3365 7.318 7.293 7.293 7.2653 7.2381 7.2381 7.2136 7.1933 7.1933 7.1777
3.0143 3.1796 3.3441 3.3441 3.5074 3.5074 3.6692 3.829 3.829 3.9858 4.1385 4.1385 4.286 4.4276 4.4276 4.5636 4.5636 4.695 4.824 4.824 4.9535 5.0859 5.0859 5.2234 5.3663 5.3663 5.5142 5.5142 5.6654 5.818 5.818 5.97 6.1196 6.1196 6.2651 6.2651 6.405 6.5375 6.5375 6.6613 6.7752 6.7752 6.8792 6.9736 6.9736 7.0602 7.0602 7.1411 7.2189 7.2189 7.2962 7.3748 7.3748 7.4556 7.5377 7.5377 7.6187 7.6187 7.695 7.7626 7.7626 7.8186 7.8616 7.8616 7.8919 7.8919 7.911 7.9216 7.9216 7.9263 7.9277 7.9277 7.9275 7.9274 7.9274 7.9284
3.4793 3.6528 3.8247 3.8247 3.9948 4.1629 4.1629 4.3282 4.3282 4.4894 4.6448 4.6448 4.7927 4.9322 4.9322 5.0633 5.0633 5.1873 5.3064 5.3064 5.4235 5.5414 5.5414 5.662 5.786 5.786 5.913 5.913 6.0418 6.1709 6.1709 6.2991 6.4253 6.4253 6.5487 6.6684 6.6684 6.7834 6.7834 6.8927 6.9958 6.9958 7.0925 7.1837 7.1837 7.2705 7.2705 7.3548 7.3381 7.3381 7.4196 7.5036 7.5036 7.5909 7.681 7.681 7.7719 7.7719 7.8601 7.9419 7.9419 8.0141 8.0748 8.0748 8.1236 8.1615 8.1615 8.1903 8.1903 8.2122 8.2291 8.2291 8.2428 8.2548 8.2548 8.2661
