data/Petrone_etal_2016/Sediment_thickness/tbl_sed_thick_total_utm22n.asc
ncols         541
nrows         475
xllcorner     534622.5
yllcorner     7445082.5
cellsize      5
NODATA_value  -9999
[rows 272 to 305 of 475, columns 304 to 379 of 541]
10.673 10.663 10.646 10.619 10.583 10.541 10.503 10.467 10.434 10.403 10.379 10.355 10.322 10.278 10.225 10.161 10.081 9.9864 9.8799 9.763 9.6356 9.4685 9.2229 9.1201 9.0067 8.8794 9.661 9.4793 9.282 9.074 8.8608 8.6478 8.441 8.2458 8.0675 7.9093 7.7737 7.6618 7.5719 7.4998 7.4401 7.3884 7.3401 7.2927 7.2435 7.1928 7.1428 7.0938 7.0423 6.9872 6.9254 6.8521 6.7639 6.6598 6.5381 6.4011 6.2498 6.0829 5.8994 5.6891 5.4546 5.2031 4.9649 4.523 4.4047 4.3332 4.319 4.3738 4.5048 4.7154 4.9961 -9999 -9999 -9999 -9999 -9999
10.389 10.376 10.36 10.338 10.31 10.277 10.246 10.22 10.196 10.175 10.158 10.138 10.112 10.077 10.034 9.9815 9.9175 9.8394 9.7495 9.6482 9.537 9.3926 9.2405 9.0827 8.9806 8.8665 9.6649 9.5017 9.3242 9.1366 8.944 8.7514 8.5642 8.3878 8.2274 8.0865 7.9663 7.8685 7.7909 7.7293 7.6791 7.6367 7.5976 7.5594 7.5194 7.4769 7.4331 7.3884 7.3396 7.2866 7.2265 7.1552 7.0687 6.9661 6.8455 6.7098 6.5625 6.4051 6.2399 6.0694 5.8823 5.6832 5.4973 5.3357 5.2111 5.1458 5.1482 5.2118 5.3416 5.5745 5.8647 -9999 -9999 -9999 -9999 -9999
10.08 10.066 10.054 10.04 10.02 9.9956 9.972 9.9529 9.9382 9.9238 9.9131 9.8995 9.8837 9.8613 9.8338 9.7979 9.7516 9.691 9.6188 9.5338 9.44 9.3173 9.1277 9.0455 8.9554 8.8554 9.6691 9.5251 9.3681 9.2019 9.0306 8.8591 8.6925 8.5357 8.3939 8.2705 8.166 8.0818 8.016 7.9642 7.9225 7.8883 7.8574 7.8274 7.7955 7.76 7.721 7.6791 7.6312 7.5775 7.5152 7.4404 7.3476 7.2343 7.0985 6.9448 6.781 6.6155 6.458 6.3148 6.1878 6.0618 5.9534 5.8644 5.8018 5.7711 5.7929 5.8596 5.9749 6.1569 6.3786 -9999 -9999 -9999 -9999 -9999
9.772 9.7587 9.7489 9.74 9.7258 9.7091 9.6935 9.6837 9.6784 9.6735 9.6714 9.6671 9.6631 9.6546 9.643 9.6233 9.5938 9.5503 9.4961 9.4286 9.3412 9.2256 9.0848 9.0133 8.935 8.8489 9.676 9.5509 9.4145 9.2695 9.1197 8.9698 8.8242 8.6873 8.5644 8.4585 8.369 8.2976 8.2424 8.1994 8.1652 8.138 8.1138 8.0907 8.0654 8.0357 8.0006 7.9604 7.9124 7.8569 7.791 7.71 7.6059 7.4731 7.3075 7.1153 6.91 6.7111 6.5407 6.413 6.3319 6.2912 6.2798 6.2853 6.3051 6.3385 6.3886 6.4634 6.5674 6.6998 6.8563 -9999 -9999 -9999 -9999 -9999
9.4958 9.4849 9.4776 9.4716 9.4609 9.4496 9.4398 9.437 9.438 9.4398 9.4435 9.4473 9.4543 9.4605 9.4642 9.46 9.4469 9.4212 9.3856 9.3251 9.2453 9.1068 9.0511 8.9894 8.9222 9.7843 9.687 9.5798 9.4627 9.3381 9.209 9.0802 8.9551 8.8379 8.7334 8.644 8.5686 8.5088 8.4626 8.4268 8.3983 8.3763 8.3572 8.339 8.3186 8.2931 8.2608 8.2218 8.1732 8.1158 8.0464 7.9593 7.8428 7.6856 7.4807 7.2083 6.9156 6.634 6.4265 6.2947 6.2734 6.3245 6.4252 6.5226 6.6241 6.7197 6.8081 6.8973 6.9944 7.1025 7.2228 -9999 -9999 -9999 -9999 -9999
9.2764 9.231 9.1892 9.1491 9.1732 9.1969 9.2221 9.2205 9.2236 9.2044 9.2123 9.2246 9.2491 9.2533 9.2566 9.2728 9.2802 9.2755 9.2593 9.2183 9.114 9.0746 9.0275 8.9747 8.9173 9.7848 9.7017 9.6104 9.511 9.4046 9.2947 9.1855 9.0797 8.9812 8.894 8.8197 8.7569 8.7068 8.668 8.6371 8.6126 8.5939 8.5776 8.5622 8.5449 8.522 8.4917 8.4533 8.4043 8.3453 8.2732 8.181 8.0531 7.8725 7.6278 7.2711 6.8821 6.5029 6.2142 6.0312 6.0466 6.1706 6.3719 6.5824 6.7938 6.9614 7.1007 7.2184 7.3234 7.4237 7.5256 -9999 -9999 -9999 -9999 -9999
9.015 8.9731 8.7666 8.7639 8.761 8.9463 8.9749 8.9759 8.9826 8.9846 8.833 9.0253 9.0481 8.9677 9.0154 9.0569 9.0883 9.1071 9.112 9.1034 9.0823 9.0509 9.0118 8.9671 9.8531 9.7897 9.7192 9.6419 9.5576 9.4672 9.374 9.2823 9.1939 9.112 9.0398 8.9784 8.9256 8.8831 8.8492 8.8216 8.7988 8.7812 8.7659 8.7515 8.7354 8.714 8.6844 8.6463 8.5973 8.5376 8.4644 8.3692 8.2337 8.0357 7.7599 7.329 6.8519 5.9551 5.6473 5.4604 5.7484 5.9129 6.1846 6.4855 6.7947 7.0557 7.2536 7.4138 7.5451 7.658 7.7623 -9999 -9999 -9999 -9999 -9999
8.7036 8.7028 8.6995 8.6947 8.6898 8.6866 8.6869 8.6923 8.7048 8.7259 8.8196 8.7974 8.8456 8.8976 8.949 8.9951 9.032 9.0571 9.069 9.0678 9.0544 9.0308 9.9352 9.8951 9.8482 9.7958 9.7366 9.6714 9.5998 9.5225 9.4436 9.3666 9.2929 9.2246 9.1647 9.1134 9.0683 9.0308 8.9996 8.9729 8.95 8.9317 8.9152 8.8998 8.8833 8.8616 8.8321 8.7943 8.7455 8.6859 8.6129 8.5172 8.38 8.1765 7.8889 7.4361 6.9254 5.9793 5.6156 5.3726 5.2912 5.365 5.9376 6.2856 6.6592 6.9931 7.2659 7.4735 7.6458 7.7919 7.9212 -9999 -9999 -9999 -9999 -9999
8.6449 8.6417 8.6357 8.6281 8.6206 8.6151 8.6135 8.6175 8.6289 8.6497 8.6809 8.7225 8.7725 8.8272 8.8821 8.9326 8.9746 9.0055 9.024 9.0299 9.0239 9.9282 9.9072 9.8772 9.8407 9.7985 9.7497 9.6948 9.6338 9.5673 9.4999 9.4347 9.3728 9.3153 9.2648 9.2208 9.1808 9.1463 9.1159 9.0884 9.0636 9.0427 9.0236 9.0057 8.9871 8.964 8.9335 8.8952 8.8469 8.7882 8.7163 8.6227 8.4898 8.2942 8.0175 7.5761 7.0714 6.1153 5.7241 5.435 5.2955 5.3096 5.4616 6.0586 6.4451 6.811 7.1316 7.3983 7.6135 7.8063 7.9814 -9999 -9999 -9999 -9999 -9999
9.3576 9.3508 9.342 9.3332 9.3261 9.3216 9.3221 8.5385 8.5487 8.5688 8.6 8.6425 8.6942 9.5707 9.635 9.6979 9.7557 9.8053 9.8458 9.8727 9.8847 9.8842 9.8727 9.8525 9.826 9.7934 9.7539 9.7079 9.6558 9.5984 9.5403 9.485 9.4325 9.3837 9.34 9.3013 9.2645 9.231 9.2001 9.1705 9.1429 9.1186 9.0954 9.0735 9.0516 9.0257 8.9932 8.9541 8.9059 8.8483 8.7781 8.6885 8.565 8.3888 8.1435 7.7701 7.3359 6.8448 6.3771 5.6719 5.4801 5.4184 5.4848 5.6429 6.2238 6.5158 6.8398 7.1348 7.403 7.6682 7.9288 8.1486 8.3437 8.5042 -9999 -9999
9.283 9.2725 9.2602 9.2478 9.2372 9.2294 9.2269 9.2323 9.2456 9.2693 9.305 9.3522 9.4091 9.4721 9.5387 9.6051 9.6672 9.7222 9.7689 9.8029 9.8227 9.8304 9.828 9.8173 9.8004 9.777 9.7461 9.7083 9.6642 9.6148 9.5651 9.5181 9.4736 9.4316 9.3934 9.3582 9.3234 9.2901 9.2578 9.2257 9.1947 9.1659 9.138 9.1113 9.0847 9.0551 9.0199 8.9791 8.9307 8.8739 8.8058 8.7211 8.6102 8.4596 8.257 7.97 7.6324 7.2358 6.8423 6.4627 6.1866 5.6963 5.6683 5.7178 5.8248 6.3147 6.5381 6.763 7.0523 7.3731 7.7172 8.0354 8.3304 8.5493 8.715 8.8298
9.2159 9.2013 9.1846 9.1675 9.1522 9.1398 9.1334 9.1353 9.1458 9.1676 9.2023 9.2495 9.3074 9.372 9.4409 9.5104 9.5761 9.6351 9.6867 9.7261 9.7522 9.7671 9.7726 9.7705 9.7624 9.7474 9.7247 9.6947 9.6582 9.6163 9.5744 9.535 9.4976 9.4616 9.428 9.3958 9.3624 9.3291 9.2955 9.2609 9.2262 9.193 9.1599 9.1278 9.0962 9.0623 9.0239 8.9809 8.9316 8.8751 8.8087 8.7294 8.6313 8.507 8.3484 8.1516 7.9185 7.6317 7.3361 7.0275 6.7572 6.5141 6.3808 5.9401 5.9295 5.9469 6.0001 6.1006 6.6941 7.0134 7.4217 7.8316 8.2299 8.5466 8.763 8.9084
9.1509 9.1325 9.1112 9.0893 9.069 9.052 9.0413 9.0395 9.0472 9.067 9.1007 9.1482 9.2072 9.2734 9.3443 9.4162 9.4846 9.5465 9.6013 9.6446 9.6755 9.6962 9.7085 9.7137 9.7134 9.7063 9.6909 9.6681 9.6389 9.6046 9.5704 9.5384 9.5077 9.4772 9.4478 9.4182 9.3863 9.3532 9.3187 9.2821 9.2443 9.2068 9.1689 9.1316 9.095 9.0569 9.0153 8.9699 8.9194 8.8624 8.797 8.7224 8.6351 8.5328 8.4111 8.2683 8.1048 7.9235 7.7319 7.5134 7.3065 7.0932 6.9027 6.7286 6.5968 6.0861 6.027 6.0264 6.1209 6.3238 7.1201 7.5958 8.0814 8.4891 8.7868 8.9647
9.0937 9.0707 9.0444 9.0174 8.9919 8.9696 8.9543 8.9483 8.9527 8.9699 9.0023 9.0495 9.1091 9.1764 9.2488 9.3225 9.3927 9.4566 9.5138 9.5601 9.595 9.6207 9.6388 9.6505 9.6571 9.6569 9.6484 9.6325 9.6105 9.5838 9.5571 9.5323 9.508 9.4828 9.4574 9.4305 9.4005 9.3682 9.3334 9.2955 9.2552 9.2139 9.1718 9.13 9.0891 9.0473 9.0029 8.9552 8.9029 8.8449 8.7799 8.7082 8.629 8.5422 8.4462 8.342 8.2297 8.1111 7.9879 7.8615 7.7348 7.5829 7.4284 7.2374 7.035 6.7989 6.6046 6.1312 6.1414 6.2805 6.551 7.4565 7.9647 8.438 8.8013 9.0049
9.0513 9.0244 8.9936 8.9616 8.9311 8.9038 8.8839 8.8739 8.875 8.8897 8.9204 8.9668 9.0262 9.0933 9.1657 9.2394 9.31 9.3745 9.4327 9.4806 9.5181 9.5471 9.5694 9.5861 9.5982 9.6037 9.601 9.5915 9.5764 9.5569 9.5375 9.5193 9.5008 9.4807 9.4592 9.4354 9.4078 9.3769 9.3426 9.3042 9.262 9.218 9.1727 9.1276 9.0835 9.039 8.9924 8.9429 8.8891 8.8297 8.7646 8.6945 8.62 8.5421 8.4612 8.3798 8.2991 8.2218 8.1486 8.0783 8.0086 7.9331 7.8437 7.7032 7.5318 7.3065 7.0485 6.827 6.3498 6.4208 6.6319 6.9543 7.9834 8.4541 8.8247 9.038
9.026 8.9955 8.9605 8.9241 8.8888 8.8568 8.8326 8.8189 8.817 8.8295 8.8589 8.9042 8.9627 9.0292 9.1009 9.174 9.2442 9.3083 9.3663 9.4144 9.4529 9.4832 9.5076 9.5269 9.5422 9.5514 9.5533 9.5489 9.5399 9.527 9.5141 9.5019 9.4889 9.4735 9.456 9.4354 9.4104 9.3813 9.3478 9.3093 9.2663 9.2205 9.1733 9.1264 9.0803 9.0345 8.987 8.9364 8.8816 8.8211 8.7553 8.6857 8.613 8.5391 8.4654 8.3951 8.3308 8.2768 8.2346 8.2035 8.1796 8.154 8.1152 8.0487 7.9451 7.7776 7.5607 7.3593 7.1942 7.1681 6.8679 7.1243 8.0939 8.5232 8.8695 9.072
-9999 -9999 -9999 -9999 -9999 -9999 -9999 -9999 8.784 8.7947 8.8226 8.8668 8.924 8.9889 9.0588 9.1299 9.1984 9.2609 9.3172 9.3644 9.4022 9.4322 9.4566 9.4764 9.4928 9.5041 9.5092 9.509 9.5051 9.4982 9.491 9.484 9.4755 9.4643 9.4505 9.4328 9.4102 9.3829 9.3503 9.3121 9.2685 9.2219 9.1741 9.1264 9.08 9.034 8.9865 8.9359 8.8808 8.8199 8.7536 8.6837 8.6115 8.5387 8.4677 8.4022 8.3455 8.3028 8.2769 8.2689 8.2746 8.2864 8.2923 8.2776 8.23 8.1463 8.0065 7.8653 7.7336 7.6788 7.7852 8.015 8.3066 8.6375 8.9349 9.1088
-9999 -9999 -9999 -9999 -9999 -9999 -9999 -9999 -9999 -9999 -9999 -9999 -9999 8.9747 9.0419 9.11 9.1755 9.2354 9.2888 9.3337 9.3696 9.3978 9.4203 9.4387 9.4542 9.4656 9.4725 9.4755 9.4758 9.4737 9.4711 9.4681 9.4634 9.4558 9.4451 9.4303 9.41 9.384 9.3519 9.3137 9.2697 9.2229 9.175 9.1276 9.0814 9.0361 8.9895 8.9396 8.8851 8.8247 8.7582 8.6884 8.6162 8.5437 8.4736 8.4104 8.3572 8.3201 8.3019 8.3052 8.327 8.3609 8.3972 8.4233 8.4267 8.4023 8.3521 8.2918 8.2191 8.1922 8.26 8.3949 8.5775 8.8025 9.0094 9.1455
-9999 -9999 -9999 -9999 -9999 -9999 -9999 -9999 -9999 -9999 -9999 -9999 -9999 -9999 -9999 -9999 -9999 9.2384 9.2873 9.328 9.3602 9.3842 9.4027 9.4173 9.4295 9.4391 9.4457 9.4499 9.4528 9.454 9.4545 9.4543 9.4522 9.4475 9.4396 -9999 -9999 -9999 -9999 -9999 9.2697 9.2228 9.1752 9.1284 9.083 9.0389 8.9936 8.9451 8.8921 8.833 8.7677 8.699 8.6274 8.5554 8.486 8.4238 8.3726 8.3382 8.3241 8.3328 8.3623 8.4075 8.4606 8.5117 8.5508 8.5727 8.5758 8.5666 8.5613 8.5777 8.6268 8.7149 8.8338 8.9626 9.0833 9.1819
-9999 -9999 -9999 -9999 -9999 -9999 -9999 -9999 -9999 -9999 -9999 -9999 -9999 -9999 -9999 -9999 -9999 -9999 9.3097 9.3452 9.3722 9.391 9.404 9.4131 9.4203 9.4263 9.4307 9.4343 9.4376 9.4401 9.4419 9.4432 9.4429 9.4402 -9999 -9999 -9999 -9999 -9999 -9999 -9999 -9999 -9999 -9999 9.0828 9.04 8.9961 8.9494 8.8984 8.8416 8.7785 8.7119 8.6422 8.5718 8.5035 8.4425 8.3924 8.3593 8.3473 8.3586 8.3919 8.4424 8.5037 8.568 8.6273 8.6777 8.7167 8.7455 8.7717 8.8039 8.8478 8.909 8.9855 9.0676 9.1466 9.2147
-9999 -9999 -9999 -9999 -9999 -9999 -9999 -9999 -9999 -9999 -9999 -9999 -9999 -9999 -9999 -9999 -9999 -9999 -9999 9.3828 9.404 9.417 9.4239 9.4269 9.4282 9.4292 9.4295 9.4303 9.4317 9.4331 9.4341 9.4348 9.4345 -9999 -9999 -9999 -9999 -9999 -9999 -9999 -9999 -9999 -9999 -9999 -9999 -9999 -9999 -9999 -9999 -9999 -9999 -9999 -9999 -9999 -9999 -9999 -9999 8.3823 8.3711 8.3834 8.4182 8.4713 8.5369 8.6076 8.6769 8.7416 8.7993 8.8488 8.8939 8.9378 8.9826 9.032 9.0864 9.1414 9.1945 9.242
-9999 -9999 -9999 -9999 -9999 -9999 -9999 -9999 -9999 -9999 -9999 -9999 -9999 -9999 -9999 -9999 -9999 -9999 -9999 -9999 9.4543 9.461 9.4613 9.4575 9.4519 9.446 9.4404 9.4358 9.4327 9.4303 9.4281 -9999 -9999 -9999 -9999 -9999 -9999 -9999 -9999 -9999 -9999 -9999 -9999 -9999 -9999 -9999 -9999 -9999 -9999 -9999 -9999 -9999 -9999 -9999 -9999 -9999 -9999 8.4046 8.3945 8.4076 8.443 8.4973 8.565 8.6392 8.7135 8.7848 8.8501 8.9082 8.9608 9.0094 9.0552 9.1006 9.1462 9.1894 9.2297 9.2656
-9999 -9999 -9999 -9999 -9999 -9999 -9999 -9999 -9999 -9999 -9999 -9999 -9999 -9999 -9999 -9999 -9999 -9999 -9999 -9999 -9999 9.5176 9.5113 9.5005 9.4875 9.4739 9.4603 9.4482 9.438 9.4292 -9999 -9999 -9999 -9999 -9999 -9999 -9999 -9999 -9999 -9999 -9999 -9999 -9999 -9999 -9999 -9999 -9999 -9999 -9999 -9999 -9999 -9999 -9999 -9999 -9999 -9999 -9999 -9999 8.4142 8.4285 8.4647 8.52 8.5889 8.6648 8.742 8.8164 8.8846 8.9455 9.0002 9.0499 9.0958 9.1401 9.1833 9.2225 9.2577 9.2877
-9999 -9999 -9999 -9999 -9999 -9999 -9999 -9999 -9999 -9999 -9999 -9999 -9999 -9999 -9999 -9999 -9999 -9999 -9999 -9999 -9999 -9999 -9999 -9999 -9999 -9999 -9999 -9999 -9999 -9999 -9999 -9999 -9999 -9999 -9999 -9999 -9999 -9999 -9999 -9999 -9999 -9999 -9999 -9999 -9999 -9999 -9999 -9999 -9999 -9999 -9999 -9999 -9999 -9999 -9999 -9999 -9999 -9999 -9999 8.4439 8.4817 8.5381 8.608 8.6851 8.7638 8.8398 8.9095 8.9717 9.0274 9.0772 9.1233 9.1678 9.2105 9.2488 9.2819 9.3087
-9999 -9999 -9999 -9999 -9999 -9999 -9999 -9999 -9999 -9999 -9999 -9999 -9999 -9999 -9999 -9999 -9999 -9999 -9999 -9999 -9999 -9999 -9999 -9999 -9999 -9999 -9999 -9999 -9999 -9999 -9999 -9999 -9999 -9999 -9999 -9999 -9999 -9999 -9999 -9999 -9999 -9999 -9999 -9999 -9999 -9999 -9999 -9999 -9999 -9999 -9999 -9999 -9999 -9999 -9999 -9999 -9999 -9999 -9999 -9999 -9999 -9999 -9999 8.7017 8.7815 8.8585 8.9292 8.9926 9.0494 9.1003 9.1473 9.1927 9.2355 9.2735 9.3055 9.3304
-9999 -9999 -9999 -9999 -9999 -9999 -9999 -9999 -9999 -9999 -9999 -9999 -9999 -9999 -9999 -9999 -9999 -9999 -9999 -9999 -9999 -9999 -9999 -9999 -9999 -9999 -9999 -9999 -9999 -9999 -9999 -9999 -9999 -9999 -9999 -9999 -9999 -9999 -9999 -9999 -9999 -9999 -9999 -9999 -9999 -9999 -9999 -9999 -9999 -9999 -9999 -9999 -9999 -9999 -9999 -9999 -9999 -9999 -9999 -9999 -9999 -9999 -9999 -9999 -9999 -9999 -9999 -9999 9.0683 9.1207 9.1692 9.2159 9.2597 9.2978 9.3295 9.3533
-9999 -9999 -9999 -9999 -9999 -9999 -9999 -9999 -9999 -9999 -9999 -9999 -9999 -9999 -9999 -9999 -9999 -9999 -9999 -9999 -9999 -9999 -9999 -9999 -9999 -9999 -9999 -9999 -9999 -9999 -9999 -9999 -9999 -9999 -9999 -9999 -9999 -9999 -9999 -9999 -9999 -9999 -9999 -9999 -9999 -9999 -9999 -9999 -9999 -9999 -9999 -9999 -9999 -9999 -9999 -9999 -9999 -9999 -9999 -9999 -9999 -9999 -9999 -9999 -9999 -9999 -9999 -9999 -9999 -9999 9.1873 9.2357 9.2807 9.3197 9.3517 9.3754
-9999 -9999 -9999 -9999 -9999 -9999 -9999 -9999 -9999 -9999 -9999 -9999 -9999 -9999 -9999 -9999 -9999 -9999 -9999 -9999 -9999 -9999 -9999 -9999 -9999 -9999 -9999 -9999 -9999 -9999 -9999 -9999 -9999 -9999 -9999 -9999 -9999 -9999 -9999 -9999 -9999 -9999 -9999 -9999 -9999 -9999 -9999 -9999 -9999 -9999 -9999 -9999 -9999 -9999 -9999 -9999 -9999 -9999 -9999 -9999 -9999 -9999 -9999 -9999 -9999 -9999 -9999 -9999 -9999 -9999 -9999 -9999 9.2987 9.3391 9.372 9.3965
-9999 -9999 -9999 -9999 -9999 -9999 -9999 -9999 -9999 -9999 -9999 -9999 -9999 -9999 -9999 -9999 -9999 -9999 -9999 -9999 -9999 -9999 -9999 -9999 -9999 -9999 -9999 -9999 -9999 -9999 -9999 -9999 -9999 -9999 -9999 -9999 -9999 -9999 -9999 -9999 -9999 -9999 -9999 -9999 -9999 -9999 -9999 -9999 -9999 -9999 -9999 -9999 -9999 -9999 -9999 -9999 -9999 -9999 -9999 -9999 -9999 -9999 -9999 -9999 -9999 -9999 -9999 -9999 -9999 -9999 -9999 -9999 -9999 -9999 9.3896 9.4156
-9999 -9999 -9999 -9999 -9999 -9999 -9999 -9999 -9999 -9999 -9999 -9999 -9999 -9999 -9999 -9999 -9999 -9999 -9999 -9999 -9999 -9999 -9999 -9999 -9999 -9999 -9999 -9999 -9999 -9999 -9999 -9999 -9999 -9999 -9999 -9999 -9999 -9999 -9999 -9999 -9999 -9999 -9999 -9999 -9999 -9999 -9999 -9999 -9999 -9999 -9999 -9999 -9999 -9999 -9999 -9999 -9999 -9999 -9999 -9999 -9999 -9999 -9999 -9999 -9999 -9999 -9999 -9999 -9999 -9999 -9999 -9999 -9999 -9999 -9999 -9999
-9999 -9999 -9999 -9999 -9999 -9999 -9999 -9999 -9999 -9999 -9999 -9999 -9999 -9999 -9999 -9999 -9999 -9999 -9999 -9999 -9999 -9999 -9999 -9999 -9999 -9999 -9999 -9999 -9999 -9999 -9999 -9999 -9999 -9999 -9999 -9999 -9999 -9999 -9999 -9999 -9999 -9999 -9999 -9999 -9999 -9999 -9999 -9999 -9999 -9999 -9999 -9999 -9999 -9999 -9999 -9999 -9999 -9999 -9999 -9999 -9999 -9999 -9999 -9999 -9999 -9999 -9999 -9999 -9999 -9999 -9999 -9999 -9999 -9999 -9999 -9999
-9999 -9999 -9999 -9999 -9999 -9999 -9999 -9999 -9999 -9999 -9999 -9999 -9999 -9999 -9999 -9999 -9999 -9999 -9999 -9999 -9999 -9999 -9999 -9999 -9999 -9999 -9999 -9999 -9999 -9999 -9999 -9999 -9999 -9999 -9999 -9999 -9999 -9999 -9999 -9999 -9999 -9999 -9999 -9999 -9999 -9999 -9999 -9999 -9999 -9999 -9999 -9999 -9999 -9999 -9999 -9999 -9999 -9999 -9999 -9999 -9999 -9999 -9999 -9999 -9999 -9999 -9999 -9999 -9999 -9999 -9999 -9999 -9999 -9999 -9999 -9999
-9999 -9999 -9999 -9999 -9999 -9999 -9999 -9999 -9999 -9999 -9999 -9999 -9999 -9999 -9999 -9999 -9999 -9999 -9999 -9999 -9999 -9999 -9999 -9999 -9999 -9999 -9999 -9999 -9999 -9999 -9999 -9999 -9999 -9999 -9999 -9999 -9999 -9999 -9999 -9999 -9999 -9999 -9999 -9999 -9999 -9999 -9999 -9999 -9999 -9999 -9999 -9999 -9999 -9999 -9999 -9999 -9999 -9999 -9999 -9999 -9999 -9999 -9999 -9999 -9999 -9999 -9999 -9999 -9999 -9999 -9999 -9999 -9999 -9999 -9999 -9999
-9999 -9999 -9999 -9999 -9999 -9999 -9999 -9999 -9999 -9999 -9999 -9999 -9999 -9999 -9999 -9999 -9999 -9999 -9999 -9999 -9999 -9999 -9999 -9999 -9999 -9999 -9999 -9999 -9999 -9999 -9999 -9999 -9999 -9999 -9999 -9999 -9999 -9999 -9999 -9999 -9999 -9999 -9999 -9999 -9999 -9999 -9999 -9999 -9999 -9999 -9999 -9999 -9999 -9999 -9999 -9999 -9999 -9999 -9999 -9999 -9999 -9999 -9999 -9999 -9999 -9999 -9999 -9999 -9999 -9999 -9999 -9999 -9999 -9999 -9999 -9999
