data/Petrone_etal_2016/Sediment_thickness/tbl_sed_thick_total_utm22n.asc
ncols         541
nrows         475
xllcorner     534622.5
yllcorner     7445082.5
cellsize      5
NODATA_value  -9999
[rows 408 to 441 of 475, columns 76 to 151 of 541]
6.9469 7.1536 7.3463 7.5272 7.6987 7.8624 8.0193 8.1647 8.2943 8.4031 8.4871 8.545 8.5816 8.6016 8.6114 8.6174 8.6252 8.6368 8.6556 8.6819 8.7149 8.7518 8.7901 8.8267 8.8596 8.8883 8.9126 8.9327 8.9493 8.9629 8.9736 8.9824 8.9906 8.9987 9.0068 9.0158 9.0264 9.0382 9.0503 9.0612 9.0698 9.0753 9.079 9.083 9.0898 9.1013 9.1191 9.1441 9.1755 9.2127 9.2544 9.2987 9.343 9.3856 9.4252 9.4602 9.4884 9.5044 9.5005 9.468 9.3984 9.2848 9.1252 8.9216 8.6792 8.4054 8.1079 7.7935 7.4687 7.14 6.8108 6.4831 6.155 5.7974 5.3904 4.7523
7.1005 7.2934 7.472 7.6389 7.7965 7.946 8.0894 8.2221 8.3402 8.4401 8.5182 8.5739 8.6118 8.6362 8.6524 8.666 8.681 8.6994 8.7242 8.7559 8.793 8.8334 8.8743 8.9128 8.9474 8.9773 9.003 9.0245 9.0426 9.0574 9.0691 9.0782 9.0858 9.0923 9.098 9.1038 9.1102 9.1172 9.1235 9.1281 9.1299 9.1286 9.1257 9.1237 9.1253 9.1325 9.1465 9.1681 9.1965 9.2307 9.2694 9.3109 9.3527 9.3932 9.4311 9.4651 9.4929 9.5094 9.5067 9.4766 9.4107 9.3026 9.1504 8.9563 8.7248 8.463 8.1781 7.8763 7.5646 7.2493 6.9342 6.6206 6.3049 5.9502 5.5299 4.7803
7.265 7.4442 7.6087 7.7614 7.9046 8.0399 8.1697 8.2899 8.3969 8.4881 8.5605 8.614 8.6531 8.6811 8.7027 8.7224 8.7435 8.7671 8.7965 8.8318 8.8718 8.9144 8.9574 8.9974 9.0335 9.0648 9.0919 9.1151 9.1346 9.1505 9.1625 9.1714 9.1778 9.1822 9.1851 9.1873 9.1897 9.1918 9.1926 9.1909 9.1862 9.1782 9.1689 9.1609 9.1575 9.1602 9.1704 9.1885 9.2136 9.2445 9.2803 9.3189 9.3582 9.3969 9.4336 9.4669 9.4947 9.5117 9.5105 9.483 9.4213 9.3193 9.1757 8.9921 8.7727 8.5243 8.2533 7.9658 7.6684 7.368 7.0683 6.7709 6.4722 6.1351 5.733 5
7.4388 7.604 7.7539 7.8918 8.0202 8.1413 8.2574 8.3652 8.4616 8.5445 8.6117 8.6629 8.7025 8.7333 8.7593 8.784 8.8095 8.837 8.8695 8.9071 8.9488 8.993 9.0372 9.0787 9.1162 9.149 9.1777 9.2022 9.2228 9.2392 9.2512 9.259 9.2637 9.2658 9.2656 9.2644 9.2629 9.2604 9.2561 9.2488 9.2379 9.2238 9.2084 9.195 9.1867 9.1851 9.1916 9.2062 9.2279 9.2557 9.2885 9.3243 9.3615 9.3986 9.4344 9.4673 9.4953 9.5131 9.5136 9.4887 9.4312 9.3357 9.2006 9.0279 8.8213 8.5868 8.3305 8.0582 7.7762 7.4917 7.2082 6.9284 6.6508 6.3458 5.9926 5.4085
7.6198 7.7706 7.9059 8.029 8.1426 8.2491 8.3518 8.4475 8.5337 8.6088 8.671 8.7198 8.7594 8.7921 8.8211 8.8492 8.8779 8.9078 8.9421 8.9807 9.0231 9.0679 9.1128 9.1554 9.1943 9.2285 9.2585 9.2842 9.3053 9.3216 9.3328 9.3392 9.3417 9.341 9.3378 9.3333 9.3283 9.3218 9.3129 9.3005 9.2842 9.2644 9.2438 9.2254 9.2127 9.2072 9.2099 9.2209 9.2393 9.2639 9.2938 9.3274 9.363 9.3989 9.4344 9.4675 9.4961 9.515 9.5173 9.4952 9.4419 9.3524 9.2259 9.0638 8.8698 8.6496 8.4085 8.1517 7.8858 7.6175 7.3508 7.0895 6.8352 6.5709 6.2854 5.9121
7.8042 7.9409 8.0619 8.1705 8.2698 8.3622 8.4519 8.5361 8.6127 8.6804 8.7376 8.7837 8.8225 8.8561 8.8866 8.9166 8.9472 8.9783 9.0129 9.0516 9.094 9.1386 9.184 9.2274 9.2673 9.3026 9.3337 9.36 9.3813 9.397 9.4069 9.4113 9.4113 9.4077 9.4015 9.394 9.3856 9.3757 9.3627 9.346 9.3248 9.3002 9.2748 9.252 9.2353 9.226 9.2251 9.2325 9.2475 9.2691 9.2965 9.3281 9.3626 9.3983 9.4338 9.4677 9.4974 9.5179 9.5223 9.5031 9.454 9.3706 9.2523 9.1006 8.9192 8.713 8.4872 8.2464 7.9968 7.7453 7.4959 7.2538 7.0236 6.8008 6.584 6.3816
7.9885 8.1114 8.2185 8.3132 8.3987 8.478 8.5555 8.6289 8.6966 8.7573 8.8098 8.8532 8.8908 8.9241 8.9551 8.9857 9.0165 9.0476 9.0816 9.1195 9.161 9.2052 9.2504 9.2943 9.3349 9.371 9.4025 9.4291 9.45 9.4648 9.4729 9.4751 9.4724 9.4657 9.4566 9.4463 9.4351 9.422 9.4058 9.3853 9.3601 9.3314 9.3021 9.2757 9.2554 9.2426 9.2382 9.242 9.2538 9.2726 9.2978 9.3279 9.3618 9.3973 9.4334 9.4685 9.4999 9.5222 9.5291 9.5131 9.4682 9.3908 9.2806 9.1392 8.9703 8.7783 8.5679 8.3434 8.1106 7.8761 7.6445 7.4218 7.2149 7.0268 6.8623 6.7284
8.1682 8.2779 8.3717 8.4536 8.5265 8.5938 8.6601 8.7237 8.7832 8.8376 8.8855 8.9261 8.9619 8.9945 9.025 9.0551 9.0851 9.1151 9.1477 9.184 9.2242 9.2673 9.3121 9.3559 9.3966 9.433 9.4646 9.4906 9.5107 9.524 9.5305 9.5303 9.5249 9.5155 9.5036 9.4905 9.4767 9.461 9.4419 9.4183 9.39 9.3581 9.3257 9.2965 9.2731 9.2572 9.2495 9.25 9.2588 9.275 9.2983 9.3272 9.3606 9.3965 9.4334 9.47 9.5033 9.5279 9.5376 9.5252 9.4849 9.4138 9.312 9.181 9.0246 8.847 8.6521 8.4439 8.2283 8.0112 7.7975 7.5939 7.4079 7.2458 7.1139 7.0171
8.3376 8.4351 8.517 8.5876 8.6495 8.7064 8.7629 8.818 8.8702 8.9189 8.9624 9.0003 9.0343 9.0657 9.0951 9.1241 9.1528 9.1811 9.2115 9.2457 9.2838 9.3253 9.3687 9.4119 9.4521 9.4881 9.5191 9.5444 9.5633 9.5752 9.5799 9.5777 9.5698 9.5577 9.5433 9.5279 9.5116 9.4934 9.4719 9.4457 9.4149 9.3807 9.346 9.3145 9.2887 9.2699 9.2591 9.2566 9.2624 9.2763 9.2976 9.3255 9.3586 9.3948 9.4329 9.4712 9.5065 9.5339 9.5469 9.5386 9.5036 9.4395 9.3467 9.2268 9.0835 8.9205 8.7413 8.5497 8.3514 8.1519 7.9563 7.7712 7.604 7.4608 7.3477 7.2682
8.4918 8.5784 8.6501 8.711 8.7641 8.8126 8.861 8.909 8.955 8.9985 9.0382 9.0734 9.1055 9.1355 9.1636 9.191 9.2177 9.2437 9.2714 9.3028 9.3383 9.3775 9.4192 9.461 9.5001 9.5351 9.5652 9.5894 9.6071 9.6178 9.6211 9.6173 9.6076 9.5934 9.5768 9.559 9.5404 9.52 9.4962 9.4679 9.4351 9.3991 9.363 9.3297 9.3019 9.2809 9.2675 9.2622 9.2653 9.2768 9.2964 9.3229 9.3556 9.3921 9.4313 9.4714 9.5092 9.5396 9.5564 9.5528 9.5239 9.4678 9.3848 9.2769 9.1474 8.9993 8.8361 8.6614 8.4803 8.2986 8.121 7.9542 7.8045 7.6775 7.5785 7.5103
8.6281 8.7051 8.7684 8.8219 8.8682 8.9104 8.9527 8.9948 9.0355 9.0745 9.1106 9.1433 9.1736 9.2021 9.2285 9.2539 9.2782 9.3014 9.3259 9.354 9.3863 9.4225 9.4616 9.5013 9.5386 9.5723 9.6011 9.6243 9.6412 9.6512 9.6538 9.6493 9.6385 9.623 9.6047 9.5849 9.564 9.5412 9.5154 9.4852 9.4509 9.4137 9.3765 9.3422 9.313 9.2901 9.2745 9.2668 9.2677 9.2769 9.2946 9.3198 9.3516 9.3881 9.4281 9.4701 9.5103 9.544 9.565 9.5667 9.5449 9.4979 9.4259 9.331 9.2159 9.0834 8.9364 8.7786 8.6148 8.4507 8.2909 8.1417 8.0084 7.896 7.809 7.7497
8.7471 8.8161 8.873 8.9215 8.9632 9.001 9.0386 9.0758 9.112 9.147 9.1796 9.2096 9.2376 9.2641 9.2885 9.3116 9.3333 9.3533 9.3741 9.3983 9.4266 9.4588 9.4946 9.5313 9.5662 9.598 9.6255 9.6477 9.6642 9.6742 9.6772 9.673 9.6625 9.6467 9.6274 9.6061 9.5832 9.5583 9.5304 9.4984 9.4627 9.4246 9.3869 9.3518 9.3217 9.2975 9.2805 9.2709 9.2695 9.2765 9.2921 9.3155 9.3461 9.3823 9.4228 9.4662 9.5089 9.546 9.5715 9.5794 9.5656 9.5287 9.4687 9.3877 9.2878 9.1714 9.0409 8.9001 8.7536 8.607 8.4647 8.3326 8.2152 8.1169 8.0415 7.9911
8.8518 8.9145 8.967 9.0121 9.051 9.0859 9.1197 9.1527 9.1846 9.2155 9.2443 9.271 9.2961 9.32 9.3417 9.3621 9.3808 9.3975 9.4143 9.4342 9.4577 9.4856 9.517 9.5501 9.5821 9.6117 9.6376 9.659 9.6757 9.6867 9.6911 9.6887 9.6797 9.6647 9.6455 9.6233 9.5988 9.5719 9.5419 9.508 9.4711 9.4324 9.3943 9.359 9.3283 9.3034 9.2853 9.2741 9.2709 9.2759 9.2891 9.3105 9.3394 9.3746 9.4153 9.4597 9.5045 9.545 9.5753 9.5899 9.5849 9.5588 9.5117 9.4455 9.3617 9.2619 9.1483 9.0248 8.8956 8.7663 8.6415 8.5266 8.4251 8.341 8.2772 8.2354
8.9476 9.0052 9.0546 9.0979 9.1351 9.1678 9.1984 9.2272 9.2544 9.2807 9.3051 9.3277 9.3491 9.3694 9.3877 9.4047 9.4199 9.4326 9.4452 9.4602 9.4788 9.5015 9.5283 9.5573 9.5859 9.6131 9.6375 9.6586 9.6761 9.6889 9.6958 9.6962 9.6899 9.677 9.659 9.6367 9.611 9.5824 9.5505 9.515 9.4771 9.4378 9.3995 9.3642 9.3334 9.3082 9.2892 9.2769 9.2721 9.2749 9.2858 9.3048 9.3317 9.3655 9.4055 9.4505 9.497 9.5407 9.5758 9.5973 9.6015 9.5871 9.5534 9.5026 9.4351 9.3525 9.2562 9.1501 9.0385 8.9267 8.8192 8.7212 8.6353 8.5651 8.5126 8.4794
9.038 9.0915 9.1389 9.1811 9.2173 9.2484 9.2757 9.3003 9.3227 9.344 9.3633 9.3811 9.3977 9.4135 9.4273 9.44 9.451 9.4594 9.4672 9.4769 9.49 9.5071 9.5285 9.5529 9.5778 9.6025 9.6258 9.647 9.6658 9.6812 9.6914 9.6958 9.6932 9.6836 9.6677 9.6462 9.6201 9.5901 9.5565 9.5195 9.4807 9.441 9.403 9.368 9.3374 9.3119 9.2925 9.2792 9.2729 9.2736 9.2823 9.2988 9.3232 9.3551 9.3942 9.4392 9.487 9.5334 9.5732 9.6014 9.6149 9.6119 9.5922 9.5568 9.5061 9.4406 9.3618 9.2733 9.1793 9.0849 8.9946 8.9128 8.8421 8.7851 8.7433 8.7177
9.1256 9.1756 9.2212 9.2623 9.2973 9.3263 9.3506 9.3707 9.3882 9.4041 9.418 9.4302 9.4415 9.4519 9.4605 9.468 9.4739 9.4771 9.4795 9.4834 9.4904 9.5015 9.5172 9.5365 9.5576 -9999 9.6025 9.6244 9.6454 9.664 9.6784 9.6873 9.6894 9.6837 9.6709 9.651 9.6253 9.5946 9.5599 9.5218 9.4823 9.4427 9.4049 9.3704 9.3402 9.315 9.2952 9.2813 9.2737 9.2728 9.2791 9.2931 9.3153 9.3452 9.3831 9.4277 9.4763 9.5249 9.5687 9.6032 9.6252 9.6333 9.6268 9.6066 9.5721 9.5237 9.4621 9.3912 9.3146 9.2375 9.1636 9.0975 9.0407 8.9956 8.9631 8.9443
9.2102 9.2568 9.3003 9.3396 9.3726 9.3992 9.4198 9.4353 9.4478 9.4586 9.4669 9.4737 9.4795 9.4842 9.487 9.4887 9.4889 9.4862 9.4828 9.4806 9.4811 9.4858 9.4954 -9999 -9999 -9999 -9999 -9999 9.6163 9.6387 9.6576 9.6714 9.6786 9.6775 9.6682 9.6507 9.6259 9.5955 9.5603 9.5217 9.4821 9.4429 9.4058 9.3721 9.3428 9.3179 9.2983 9.2838 9.2752 9.2724 9.2769 9.2886 9.3085 9.3367 9.3732 9.4173 9.4662 9.5165 9.5634 9.6032 9.633 9.6511 9.6568 9.6504 9.6312 9.5989 9.554 9.5 9.4401 9.3792 9.321 9.2692 9.2251 9.1906 9.1659 9.1522
9.2904 9.3335 9.3743 9.4112 9.4417 9.4655 9.4827 9.4941 9.5023 9.5084 9.5119 9.5135 9.514 9.5128 9.5094 9.5047 9.4984 9.4892 9.4792 9.4703 -9999 -9999 -9999 -9999 -9999 -9999 -9999 -9999 -9999 9.6069 9.6305 9.6494 9.6617 9.6654 9.6601 9.6457 9.623 9.5934 9.5589 9.5206 9.4815 9.443 9.4069 9.3743 9.346 9.3217 9.302 9.287 9.277 9.2725 9.2749 9.2845 9.3027 9.3294 9.3648 9.4082 9.4572 9.5088 9.5583 9.6026 9.6387 9.6654 9.6816 9.6873 9.6816 9.6637 9.6339 9.5954 9.5509 9.5051 9.461 9.4221 9.389 9.3633 9.3448 9.3347
9.3635 9.4031 9.4409 9.475 9.5026 9.5234 9.5375 9.5456 9.5505 9.553 9.5523 9.5494 9.5447 9.5377 9.528 9.5167 9.5036 9.4875 9.4706 9.4545 -9999 -9999 -9999 -9999 -9999 -9999 -9999 -9999 -9999 -9999 -9999 9.6225 9.6396 9.6482 9.6472 9.6363 9.6162 9.5887 9.5556 9.5185 9.4805 9.4433 9.4084 9.3773 9.3503 9.3269 9.3074 9.2917 9.2802 9.2737 9.2739 9.2817 9.2982 9.3238 9.3585 9.4014 9.4505 9.5028 9.5544 9.602 9.6433 9.6767 9.7012 9.7167 9.7219 9.7163 9.6997 9.6748 9.644 9.6118 9.5802 9.5523 9.5288 9.5101 9.4962 9.4882
9.4281 9.464 9.4984 9.5288 9.5532 9.5709 9.5823 9.588 9.5904 9.5901 9.5864 9.5795 9.5702 9.5577 9.542 9.5243 9.5043 9.4812 9.4574 -9999 -9999 -9999 -9999 -9999 -9999 -9999 -9999 -9999 -9999 -9999 -9999 -9999 -9999 9.6265 9.6297 9.6227 9.606 9.5815 9.5508 9.5158 9.4796 9.444 9.4109 9.3815 9.3564 9.3342 9.315 9.2984 9.2851 9.2765 9.2744 9.2802 9.2956 9.3206 9.3547 9.3975 9.4466 9.4995 9.5524 9.6024 9.6473 9.6855 9.716 9.7385 9.752 9.7559 9.75 9.7364 9.7173 9.6964 9.6754 9.6568 9.6409 9.6279 9.6173 9.6103
9.4824 9.5147 9.5453 9.572 9.593 9.6077 9.6166 9.6205 9.6214 9.6192 9.613 9.6028 9.5894 9.5719 9.5508 9.527 9.5008 9.4712 9.4409 -9999 -9999 -9999 -9999 -9999 -9999 -9999 -9999 -9999 -9999 -9999 -9999 -9999 -9999 -9999 9.6084 9.6056 9.5929 9.5721 9.5445 9.5124 9.4789 9.4457 9.4147 9.3877 9.3645 9.3437 9.3247 9.3072 9.2919 9.2808 9.2762 9.2801 9.2944 9.3192 9.3532 9.3957 9.445 9.4981 9.5519 9.6035 9.6508 9.692 9.7263 9.7533 9.7723 9.7831 9.7854 9.7809 9.7712 9.7598 9.7475 9.7363 9.7267 9.718 9.7096 9.7025
9.5264 9.5551 9.5819 9.605 9.6226 9.6345 9.6417 9.6445 9.6444 9.6411 9.633 9.6199 9.6027 9.5808 9.5549 9.5257 9.4937 9.4583 -9999 -9999 -9999 -9999 -9999 -9999 -9999 -9999 -9999 -9999 -9999 -9999 -9999 -9999 -9999 -9999 9.5847 9.5861 9.5778 9.5613 9.5375 9.509 9.4788 9.4487 9.4204 9.396 9.3751 9.3557 9.3371 9.3186 9.3011 9.2875 9.2804 9.2823 9.2955 9.32 9.354 9.3966 9.4459 9.4991 9.5533 9.6058 9.6541 9.6969 9.7332 9.7625 9.7847 9.8001 9.8083 9.8108 9.8088 9.8049 9.7996 9.7945 9.7898 9.7842 9.7771 9.7695
9.5606 9.5858 9.6086 9.6277 9.642 9.6514 9.6571 9.659 9.6582 9.6539 9.6443 9.6287 9.6084 9.583 9.553 9.5192 9.4825 9.4421 -9999 -9999 -9999 -9999 -9999 -9999 -9999 -9999 -9999 -9999 -9999 -9999 -9999 -9999 -9999 -9999 -9999 9.5642 9.5603 9.5482 9.5289 9.5046 9.4783 9.4518 9.4269 9.4054 9.387 9.3693 9.3512 9.332 9.3125 9.2965 9.287 9.287 9.299 9.3232 9.3573 9.4 9.4493 9.5024 9.5567 9.6092 9.6579 9.7009 9.7377 9.7678 9.7914 9.8094 9.8218 9.8296 9.8336 9.8359 9.8363 9.8359 9.8349 9.8315 9.8252 9.8165
9.5859 9.6073 9.6262 9.6416 9.6527 9.6599 9.6643 9.6654 9.664 9.6587 9.6478 9.63 9.6073 9.579 9.546 9.5087 9.4682 -9999 -9999 -9999 -9999 -9999 -9999 -9999 -9999 -9999 -9999 -9999 -9999 -9999 -9999 -9999 -9999 -9999 -9999 -9999 9.5409 9.5336 9.5186 9.499 9.4772 9.4549 9.4337 9.4155 9.3996 9.3837 9.3664 9.3468 9.326 9.3081 9.2965 9.2947 9.3055 9.3293 9.3632 9.4059 9.4551 9.5078 9.5617 9.6137 9.6618 9.7042 9.7405 9.7703 9.7942 9.8136 9.8288 9.8402 9.8488 9.8556 9.8605 9.8636 9.8652 9.8633 9.857 9.8473
9.6032 9.621 9.6362 9.6482 9.6565 9.6618 9.6652 9.6657 9.6636 9.6575 9.6453 9.6259 9.6012 9.5708 9.5356 9.4956 -9999 -9999 -9999 -9999 -9999 -9999 -9999 -9999 -9999 -9999 -9999 -9999 -9999 -9999 -9999 -9999 -9999 -9999 -9999 -9999 -9999 9.5167 9.5064 9.4915 9.4744 9.4566 9.4395 9.4249 9.4118 9.3979 9.3818 9.3622 9.3408 9.3217 9.3085 9.305 9.3148 9.3377 9.3712 9.4136 9.4622 9.5144 9.5675 9.6187 9.6657 9.707 9.7423 9.7712 9.7949 9.8151 9.8321 9.8463 9.8581 9.8684 9.8762 9.8816 9.8847 9.883 9.876 9.8646
9.6147 9.629 9.6406 9.6494 9.6553 9.6589 9.6615 9.6615 9.6587 9.6514 9.638 9.6173 9.5912 9.5595 9.5228 -9999 -9999 -9999 -9999 -9999 -9999 -9999 -9999 -9999 -9999 -9999 -9999 -9999 -9999 -9999 -9999 -9999 -9999 -9999 -9999 -9999 -9999 -9999 9.4925 9.4822 9.4698 9.457 9.4442 9.4335 9.4233 9.4121 9.3978 9.3791 9.3576 9.338 9.3235 9.3186 9.3268 9.3484 9.3809 9.4225 9.4703 9.5216 9.5739 9.6239 9.6696 9.7096 9.7439 9.7719 9.7953 9.816 9.8342 9.8502 9.8641 9.8763 9.8855 9.8918 9.895 9.8926 9.8839 9.8696
9.6214 9.6323 9.6406 9.6468 9.6508 9.6534 9.6553 9.6549 9.6514 9.6429 9.6282 9.6063 9.5792 9.5468 -9999 -9999 -9999 -9999 -9999 -9999 -9999 -9999 -9999 -9999 -9999 -9999 -9999 -9999 -9999 -9999 -9999 -9999 -9999 -9999 -9999 -9999 -9999 -9999 9.4764 9.4704 9.4627 9.4548 9.4467 9.4402 9.4336 9.4255 9.4135 9.3964 9.3756 9.3561 9.3409 9.3348 9.3414 9.3614 9.3923 9.4324 9.4789 9.529 9.5801 9.629 9.6736 9.7124 9.7457 9.773 9.7962 9.8172 9.8362 9.8532 9.8679 9.8806 9.8897 9.8952 9.8968 9.892 9.8802 9.8621
9.625 9.6328 9.6385 9.6427 9.6456 9.6476 9.6492 9.6484 9.6441 9.6344 9.6184 9.5954 9.5673 -9999 -9999 -9999 -9999 -9999 -9999 -9999 -9999 -9999 -9999 -9999 -9999 -9999 -9999 -9999 -9999 -9999 -9999 -9999 -9999 -9999 -9999 -9999 -9999 -9999 9.4576 9.4555 9.4523 9.4493 9.4462 9.4444 9.4421 9.4376 9.4289 9.4142 9.395 9.3763 9.3611 9.3541 9.3591 9.3772 9.406 9.444 9.4886 9.5372 9.5869 9.6347 9.678 9.7159 9.7484 9.7752 9.7982 9.8196 9.8391 9.8563 9.8709 9.8826 9.8898 9.8927 9.891 9.8822 9.8656 9.8423
9.6271 9.632 9.6355 9.6383 9.6405 9.6421 9.6433 9.642 9.6368 9.6259 -9999 -9999 -9999 -9999 -9999 -9999 -9999 -9999 -9999 -9999 -9999 -9999 -9999 -9999 -9999 -9999 -9999 -9999 -9999 -9999 -9999 -9999 -9999 -9999 -9999 -9999 -9999 -9999 -9999 9.4368 9.4383 9.4404 9.4428 9.4461 9.4487 9.4489 9.4441 9.4328 9.4162 9.399 9.3845 9.3769 9.3804 9.3965 9.4229 9.4586 9.5009 9.5475 9.5955 9.6419 9.684 9.7209 9.7526 9.779 9.8019 9.8234 9.8429 9.8596 9.873 9.8823 9.8864 9.885 9.8783 9.8639 9.8416 9.8119
9.6288 9.6311 9.6326 9.6343 9.636 9.6373 9.6383 9.6363 -9999 -9999 -9999 -9999 -9999 -9999 -9999 -9999 -9999 -9999 -9999 -9999 -9999 -9999 -9999 -9999 -9999 -9999 -9999 -9999 -9999 -9999 -9999 -9999 -9999 -9999 -9999 -9999 -9999 -9999 -9999 9.4153 9.4217 9.4295 9.4379 9.447 9.4551 9.4604 9.4603 9.4531 9.4397 9.4248 9.4114 9.404 9.4064 9.4204 9.4446 9.4777 9.5175 9.5617 9.6077 9.6523 9.6929 9.7286 9.7591 9.7846 9.8068 9.8276 9.8462 9.8615 9.8725 9.8784 9.8778 9.8711 9.8584 9.8376 9.8087 9.7723
9.6303 9.63 9.6298 9.6305 9.632 9.6334 9.6342 -9999 -9999 -9999 -9999 -9999 -9999 -9999 -9999 -9999 -9999 -9999 -9999 -9999 -9999 -9999 -9999 -9999 -9999 -9999 -9999 -9999 -9999 -9999 -9999 -9999 -9999 -9999 -9999 -9999 -9999 -9999 -9999 9.3917 9.4035 9.4173 9.4322 9.4476 9.4615 9.4722 9.4774 9.4747 9.4654 9.4535 9.442 9.4353 9.4372 9.4496 9.4714 9.5022 9.5391 9.5806 9.624 9.6661 9.7043 9.7378 9.7662 9.7899 9.8103 9.829 9.8453 9.8579 9.8654 9.8668 9.861 9.8485 9.8295 9.8022 9.767 9.7242
9.6318 9.6289 9.627 9.627 9.6281 9.6295 9.6302 -9999 -9999 -9999 -9999 -9999 -9999 -9999 -9999 -9999 -9999 -9999 -9999 -9999 -9999 -9999 -9999 -9999 -9999 -9999 -9999 -9999 -9999 -9999 -9999 -9999 -9999 -9999 -9999 -9999 -9999 -9999 -9999 9.3677 9.3852 9.4055 9.4273 9.4491 9.4692 9.4859 9.4963 9.4986 9.4936 9.4853 9.4761 9.4708 9.4726 9.4837 9.5035 9.5314 9.5652 9.6031 9.6428 9.6813 9.7161 9.7461 9.7709 9.7909 9.8075 9.8224 9.8344 9.8426 9.8453 9.8416 9.8303 9.812 9.7869 9.7537 9.7125 9.6639
9.6326 9.6271 9.6234 9.6223 9.6232 9.6244 -9999 -9999 -9999 -9999 -9999 -9999 -9999 -9999 -9999 -9999 -9999 -9999 -9999 -9999 -9999 -9999 -9999 -9999 -9999 -9999 -9999 -9999 -9999 -9999 -9999 -9999 -9999 -9999 -9999 -9999 -9999 -9999 -9999 9.3434 9.3673 9.3945 9.4235 9.4522 9.4787 9.5013 9.5172 9.5244 9.524 9.5192 9.5129 9.5092 9.5116 9.5216 9.5392 9.5639 9.5937 9.627 9.6617 9.6951 9.7246 9.7494 9.7685 9.7825 9.7931 9.8016 9.8071 9.8088 9.8053 9.7956 9.7786 9.755 9.7247 9.6866 9.6408 9.5872
9.6313 9.6231 9.6176 9.6155 9.616 9.6172 -9999 -9999 -9999 -9999 -9999 -9999 -9999 -9999 -9999 -9999 -9999 -9999 -9999 -9999 -9999 -9999 -9999 -9999 -9999 -9999 -9999 -9999 -9999 -9999 -9999 -9999 -9999 -9999 -9999 -9999 -9999 -9999 -9999 -9999 9.3498 9.384 9.4202 9.4558 9.4889 9.5176 9.539 9.5511 9.5552 9.5543 9.5512 9.5496 9.5527 9.5617 9.5766 9.5972 9.6219 9.6492 9.6775 9.7039 9.7262 9.7434 9.7547 9.7604 9.7623 9.7617 9.7582 9.7513 9.74 9.7235 9.7008 9.6723 9.6381 9.5968 9.5476 9.4897
