data/Petrone_etal_2016/Sediment_thickness/tbl_sed_thick_glacial_dep_wgs84.asc
ncols         865
nrows         297
xllcorner     -50.201966770779
yllcorner     67.120544222588
cellsize      7.2999999999998e-005
NODATA_value  -9999
[rows 204 to 237 of 297, columns 228 to 303 of 865]
3.9542 4.131 4.3059 4.0667 4.2388 4.4086 4.4086 4.5752 4.5752 4.737 4.8919 4.8919 5.038 5.1743 5.1743 5.3009 5.3009 5.4193 5.5319 5.5319 5.6418 5.7516 5.7516 5.8633 5.9776 5.9776 6.094 6.094 6.2116 6.3291 6.3291 6.4456 6.5603 6.5603 6.6726 6.782 6.782 6.8878 6.8878 6.9893 7.0863 7.0863 7.1789 7.2678 7.2678 7.3543 7.3543 7.4398 7.5261 7.5261 7.6147 7.7071 7.7071 7.8043 7.9063 7.9063 8.0118 8.0118 8.1183 8.2225 8.2225 8.3212 8.412 8.412 8.4935 8.5653 8.5653 8.6281 8.6281 8.6827 8.7303 8.7303 8.7719 8.8087 8.8087 8.8421
4.1869 4.3635 4.538 4.538 4.7105 4.8801 4.8801 5.0454 5.0454 5.2041 5.3538 5.3538 5.4923 5.6189 5.6189 5.7341 5.8399 5.8399 5.939 5.939 6.0344 6.1286 6.1286 6.2232 6.3188 6.3188 6.4152 6.4152 6.5117 6.6075 6.6075 6.7024 6.796 6.796 6.8885 6.9796 6.9796 7.0693 7.0693 7.1575 7.2445 7.2445 7.3307 7.4168 7.4168 7.5037 7.592 7.592 7.6826 7.6826 7.7762 7.8738 7.8738 7.9762 8.0838 8.0838 8.196 8.196 8.3114 8.4275 8.4275 8.5417 8.6513 8.6513 8.7545 8.8501 8.8501 8.9374 8.9374 9.0165 9.0875 9.0875 9.1508 9.207 9.207 9.2572
4.6239 4.7958 4.9654 4.9654 5.1324 5.2958 5.2958 5.4537 5.4537 5.6034 5.7427 5.7427 5.8698 5.9844 5.9844 6.0876 6.1816 6.1816 6.2691 6.2691 6.3525 6.4338 6.4338 6.5142 6.5942 6.5942 6.6738 6.753 6.753 6.8316 6.8316 6.9098 6.9882 6.9882 6.9818 7.066 7.066 7.1498 7.1498 7.2335 7.3174 7.3174 7.4022 7.4883 7.4883 7.5763 7.6664 7.6664 7.759 7.759 7.8545 7.9535 7.9535 8.0568 8.165 8.165 8.2779 8.3945 8.3945 8.5127 8.5127 8.6302 8.7444 8.7444 8.8532 8.9553 8.9553 9.0498 9.0498 9.136 9.2139 9.2139 9.2834 9.3451 9.3451 9.3996
4.8232 4.9905 5.1553 5.1553 5.3174 5.4754 5.4754 5.6275 5.6275 5.771 5.9038 5.9038 6.0244 6.1329 6.1329 6.2306 6.3195 6.3195 6.4022 6.4022 6.4809 6.5571 6.5571 6.6319 6.7057 6.7057 6.7788 6.8515 6.8515 6.9239 6.9239 6.9967 7.0703 7.0703 7.1449 7.2209 7.2209 7.2986 7.2986 7.3785 7.461 7.461 7.5467 7.6356 7.6356 7.7275 7.8218 7.8218 7.9178 7.9178 8.0155 8.1152 8.1152 8.2178 8.3243 8.3243 8.4351 8.5498 8.5498 8.6668 8.6668 8.7841 8.8992 8.8992 9.01 9.1149 9.1149 9.2126 9.2126 9.3024 9.3834 9.3834 9.4552 9.5178 9.5178 9.5718
5.1835 5.3378 5.4896 5.4896 5.6384 5.7827 5.7827 5.9206 6.0499 6.0499 6.1687 6.1687 6.2764 6.3733 6.3733 6.461 6.5414 6.5414 6.6164 6.6164 6.6875 6.7558 6.7558 6.8221 6.887 6.887 6.9513 7.0158 7.0158 7.0813 7.0813 7.1488 7.2187 7.2187 7.2912 7.3664 7.3664 7.4446 7.5264 7.5264 7.6123 7.6123 7.7023 7.7962 7.7962 7.8928 7.9907 7.9907 8.0887 8.0887 8.1865 8.2846 8.2846 8.3842 8.4869 8.4869 8.5936 8.7038 8.7038 8.816 8.816 8.9281 9.0375 9.0375 9.0775 9.1798 9.1798 9.2749 9.3619 9.3619 9.44 9.44 9.5087 9.5679 9.5679 9.6182
5.5055 5.6439 5.7802 5.7802 5.9137 6.0428 6.0428 6.1657 6.2805 6.2805 6.386 6.386 6.4819 6.5689 6.5689 6.6483 6.7218 6.7218 6.7906 6.8559 6.7744 6.8396 6.8396 6.9029 6.9648 6.9648 7.0264 7.0888 7.0888 7.1531 7.1531 7.2202 7.2905 7.2905 7.364 7.4406 7.4406 7.5207 7.6046 7.6046 7.6929 7.6929 7.7855 7.8818 7.8818 7.9803 8.0793 8.0793 8.1775 8.2746 8.2746 8.3712 8.3712 8.4689 8.5694 8.5694 8.6737 8.7813 8.7813 8.8907 8.8907 8.9995 9.105 9.105 9.2051 9.2982 9.2982 9.3835 9.4603 9.4603 9.5279 9.5279 9.586 9.6344 9.6344 9.674
5.6565 5.7867 5.915 5.915 6.0407 6.1623 6.1623 6.278 6.3861 6.3861 6.4856 6.4856 6.5763 6.659 6.659 6.7349 6.8054 6.8054 6.8716 6.9345 6.9345 6.9951 6.9951 7.0539 7.112 7.112 7.1708 7.2318 7.2318 7.2962 7.2962 7.365 7.4381 7.4381 7.5154 7.5962 7.5962 7.6808 7.7693 7.7693 7.8621 7.8621 7.9586 8.0579 8.0579 8.1581 8.2571 8.2571 8.3538 8.448 8.448 8.5408 8.5408 8.6342 8.73 8.73 8.8292 8.9313 8.9313 9.0344 9.0344 9.1358 9.2329 9.2329 9.3234 9.4059 9.4059 9.4798 9.5447 9.5447 9.6002 9.6002 9.6464 9.6836 9.6836 9.713
6.0545 6.0545 6.167 6.167 6.2776 6.3849 6.3849 6.4872 6.5833 6.5833 6.6723 6.6723 6.7543 6.8297 6.8297 6.8997 6.9653 6.9653 7.0275 7.0871 7.0871 7.1449 7.1449 7.2016 7.2584 7.2584 7.3168 7.3784 7.3784 7.4445 7.5159 7.5159 7.5925 7.5925 7.6737 7.7585 7.7585 7.8469 7.9387 7.9387 8.0338 8.0338 8.1315 8.2305 8.2305 8.329 8.425 8.425 8.5179 8.6078 8.53 8.6206 8.6206 8.7117 8.805 8.805 8.9015 9.0005 9.0005 9.1002 9.1977 9.1977 9.2905 9.2905 9.3763 9.4537 9.4537 9.5222 9.5816 9.5816 9.6316 9.6316 9.6725 9.705 9.705 9.7302
6.2958 6.2958 6.3931 6.3931 6.4897 6.5842 6.4875 6.5839 6.6748 6.6748 6.7594 6.8376 6.8376 6.9101 6.9101 6.9777 7.0415 7.0415 7.1024 7.1611 7.1611 7.2184 7.2184 7.275 7.332 7.332 7.3908 7.4532 7.4532 7.5204 7.5931 7.5931 7.6713 7.6713 7.754 7.8405 7.8405 7.9302 8.0229 8.0229 8.1183 8.2156 8.2156 8.3135 8.3135 8.4101 8.5039 8.5039 8.5942 8.6816 8.6816 8.7675 8.7675 8.8537 8.9417 8.9417 9.0322 9.1244 9.1244 9.2165 9.3059 9.3059 9.3902 9.3902 9.4671 9.5354 9.5354 9.5944 9.6441 9.6441 9.6848 9.6848 9.717 9.742 9.742 9.7614
6.4056 6.4056 6.496 6.496 6.5863 6.6753 6.6753 6.7615 6.8435 6.8435 6.9207 6.9928 6.9928 7.0605 7.0605 7.1245 7.186 7.186 7.2456 7.3041 7.3041 7.362 7.362 7.4199 7.4786 7.4786 7.5394 7.604 7.604 7.6734 7.7486 7.7486 7.8293 7.8293 7.9146 8.0032 8.0032 8.0944 8.1878 8.1878 8.2826 8.3778 8.3778 8.4722 8.4722 8.5643 8.6529 8.6529 8.7379 8.82 8.82 8.9006 8.9006 8.9814 9.0635 9.0635 9.1473 9.232 9.232 9.3161 9.3973 9.3973 9.4733 9.4733 9.542 9.602 9.602 9.6529 9.6947 9.6947 9.728 9.7536 9.7536 9.7733 9.7733 9.7889
6.6042 6.6042 6.6831 6.6831 6.7633 6.8434 6.8434 6.9216 6.9968 6.9968 7.0681 7.1356 7.1356 7.1998 7.1998 7.2619 7.3227 7.3227 7.3828 7.4427 7.4427 7.5027 7.5629 7.5629 7.624 7.624 7.6872 7.7538 7.7538 7.8253 7.9023 7.9023 7.9845 7.9845 8.071 8.1604 8.0828 8.1742 8.2674 8.2674 8.3614 8.4553 8.4553 8.5478 8.5478 8.6375 8.7235 8.7235 8.8058 8.8852 8.8852 8.9631 9.041 9.041 9.1199 9.1199 9.2003 9.2813 9.2813 9.3615 9.4387 9.4387 9.5106 9.5106 9.5754 9.6315 9.6315 9.6786 9.7169 9.7169 9.7469 9.7699 9.7699 9.7874 9.7874 9.8015
6.6936 6.6936 6.7684 6.8448 6.8448 6.9215 6.9215 6.9966 7.069 7.069 7.138 7.2037 7.2037 7.2669 7.2669 7.3286 7.3896 7.3896 7.4506 7.5116 7.5116 7.5728 7.6342 7.6342 7.6964 7.6964 7.7605 7.8279 7.8279 7.9 7.9774 7.9774 8.0598 8.0598 8.1463 8.2355 8.2355 8.3263 8.418 8.418 8.5097 8.6003 8.6003 8.6888 8.6888 8.7738 8.8548 8.8548 8.9318 9.0058 9.0058 9.0783 9.1504 9.1504 9.2233 9.2233 9.2971 9.3713 9.3713 9.4443 9.5143 9.5143 9.5789 9.5789 9.6363 9.6853 9.6853 9.7255 9.7574 9.7574 9.7819 9.8004 9.8004 9.8145 9.8145 9.8261
6.8545 6.8545 6.9239 6.9952 6.9952 7.0669 7.0669 7.1372 7.2054 7.2054 7.271 7.3347 7.3347 7.3973 7.3973 7.4597 7.5225 7.5225 7.5858 7.6495 7.6495 7.7132 7.7768 7.7768 7.8407 7.8407 7.9059 7.9739 7.9739 8.0458 8.1225 8.1225 8.2035 8.288 8.288 8.3744 8.3744 8.4619 8.5494 8.5494 8.6363 8.7216 8.7216 8.8043 8.8043 8.8835 8.9586 8.9586 9.0299 9.0984 9.0984 9.1655 9.2322 9.2322 9.2995 9.2995 9.3677 9.4363 9.4363 9.5038 9.5684 9.5684 9.6278 9.6801 9.6801 9.7242 9.7242 9.7456 9.7752 9.7752 9.7978 9.8149 9.8149 9.828 9.828 9.8387
6.9935 6.9935 7.0602 7.1283 7.1283 7.1964 7.1964 7.2635 7.3291 7.3291 7.3934 7.4571 7.4571 7.5211 7.586 7.586 7.6519 7.6519 7.7185 7.7853 7.7853 7.8518 7.8476 7.8476 7.9122 7.9122 7.9776 8.0452 8.0452 8.1162 8.1913 8.1913 8.2702 8.3519 8.3519 8.4351 8.4351 8.5187 8.602 8.602 8.6844 8.7649 8.7649 8.8429 8.9176 8.9176 8.9886 8.9886 9.0564 9.1217 9.1217 9.1859 9.2499 9.2499 9.3147 9.3147 9.3804 9.4467 9.4467 9.5122 9.5751 9.5751 9.6331 9.6845 9.6845 9.7281 9.7281 9.764 9.7929 9.7929 9.8159 9.8341 9.8341 9.8489 9.8611 9.8611
7.0558 7.0558 7.1215 7.1881 7.1881 7.2547 7.2547 7.3205 7.3854 7.3854 7.4497 7.5142 7.5142 7.5796 7.6462 7.6462 7.714 7.714 7.7825 7.8511 7.8511 7.919 7.9858 7.9858 8.0514 8.0514 8.1163 8.1815 8.1815 8.2479 8.316 8.316 8.3856 8.4559 8.4559 8.5258 8.5258 8.5946 8.6618 8.6618 8.7273 8.7908 8.7908 8.8524 8.9123 8.9123 8.9706 8.9706 9.0279 9.0849 9.0849 9.1422 9.2004 9.2004 9.2601 9.2601 9.3214 9.3841 9.3841 9.4473 9.5093 9.5093 9.5684 9.6229 9.6229 9.6718 9.6718 9.7148 9.7525 9.7525 9.7854 9.8144 9.8144 9.8398 9.8619 9.8619
7.1669 7.1669 7.2308 7.2949 7.2949 7.3588 7.3588 7.4228 7.4872 7.4872 7.5528 7.6199 7.6199 7.689 7.76 7.76 7.8323 7.8323 7.9051 7.9776 7.9776 8.0488 8.1177 8.1177 8.1836 8.2462 8.2462 8.3056 8.3056 8.362 8.4158 8.4158 8.4671 8.5156 8.5156 8.5608 8.5608 8.6027 8.6413 8.6413 8.6771 8.711 8.711 8.7444 8.7789 8.7789 8.8157 8.8157 8.856 8.9002 8.9002 8.9481 8.9993 9.1199 9.177 9.2363 9.2363 9.2977 9.2977 9.3607 9.4239 9.4239 9.4858 9.5449 9.5449 9.6001 9.6001 9.6509 9.6975 9.6975 9.7403 9.7793 9.7793 9.8147 9.8461 9.8461
7.2604 7.2604 7.3229 7.3851 7.3851 7.4474 7.5109 7.5109 7.5333 7.5333 7.6 7.6691 7.6691 7.7406 7.8142 7.8142 7.8891 7.8891 7.9645 8.0392 8.0392 8.1121 8.1819 8.1819 8.2474 8.3077 8.3077 8.3624 8.3624 8.4114 8.4551 8.4551 8.4936 8.5274 8.5274 8.5563 8.5805 8.5805 8.6005 8.6005 8.6171 8.6318 8.6318 8.6469 8.6647 8.6647 8.6875 8.6875 8.7166 8.7524 8.7524 8.7944 8.8415 8.8415 8.8931 8.9489 8.9489 9.0091 9.0091 9.0738 9.1428 9.1428 9.2153 9.2898 9.2898 9.3649 9.4394 9.4394 9.5124 9.5124 9.5833 9.6512 9.6512 9.7153 9.774 9.774
7.3009 7.3009 7.3631 7.4246 7.4246 7.4866 7.5502 7.5502 7.6167 7.6167 7.6868 7.7607 7.7607 7.838 7.9177 7.9177 7.9985 7.9985 8.0792 8.1581 8.1581 8.2335 8.3033 8.3033 8.3654 8.4178 8.4178 8.459 8.459 8.4885 8.5068 8.5068 8.5148 8.5138 8.5138 8.5048 8.4887 8.4887 8.4664 8.4664 8.4395 8.4107 8.4107 8.3838 8.3633 8.3633 8.3532 8.3532 8.356 8.3724 8.3724 8.401 8.4396 8.4396 8.4863 8.5403 8.5403 8.6018 8.6018 8.672 8.7513 8.7513 8.8398 8.936 8.936 9.0379 9.1431 9.1431 9.2497 9.2497 9.3559 9.4601 9.4601 9.5604 9.6543 9.6543
7.3722 7.3722 7.4336 7.4938 7.4938 7.5544 7.6176 7.6176 7.6849 7.6849 7.7572 7.8345 7.8345 7.9161 8.0004 8.0004 8.0853 8.1688 8.1688 8.2484 8.2484 8.3218 8.3861 8.3861 8.4387 8.4768 8.4768 8.4987 8.4987 8.5037 8.4924 8.4924 8.4666 8.4284 8.4284 8.3796 8.3218 8.3218 8.2565 8.3727 8.3234 8.2723 8.2723 8.2239 8.1837 8.1837 8.1566 8.146 8.146 8.1525 8.1525 8.1747 8.2098 8.2098 8.2551 8.3096 8.3096 8.3736 8.3736 8.4481 8.5343 8.5343 8.6323 8.7407 8.7407 8.8571 8.9787 8.9787 9.103 9.103 9.2277 9.351 9.351 9.4706 9.5834 9.5834
7.4026 7.4026 7.4632 7.5218 7.5218 7.5806 7.6419 7.6419 7.7075 7.7075 7.7786 7.8553 7.8553 7.9367 8.021 8.021 8.1056 8.1879 8.1879 8.265 8.265 8.3344 8.3928 8.3928 8.4376 8.4661 8.4661 8.4763 8.4676 8.4676 8.4409 8.4409 8.3981 8.3417 8.3417 8.274 8.1968 8.1968 8.1118 8.1118 8.0215 7.93 7.93 7.8435 7.7689 7.7689 7.713 7.6803 7.6803 7.672 7.672 7.6862 7.719 7.719 7.7669 7.8278 7.8278 7.9014 7.9891 7.9891 8.0924 8.0924 8.2117 8.3455 8.3455 8.4911 8.645 8.645 8.8041 8.8041 8.9655 9.1267 9.1267 9.2849 9.4359 9.4359
7.4387 7.4387 7.4947 7.5463 7.5463 7.596 7.6469 7.6469 7.7017 7.7017 7.7626 7.8301 7.8301 7.9033 7.98 7.98 8.0568 8.13 8.13 8.1959 8.1959 8.251 8.2923 8.2923 8.3169 8.3223 8.3223 8.307 8.2702 8.2702 8.2133 8.2133 8.1384 8.0489 8.0489 7.9476 7.8374 7.8374 7.7204 7.7204 7.5998 7.4803 7.4803 7.3691 7.2742 7.2742 7.2034 7.1619 7.1619 7.1512 7.1512 7.1687 7.2099 7.2099 7.2699 7.3457 7.3457 7.4366 7.5436 7.5436 7.6682 7.6682 7.8111 7.9709 7.9709 8.1449 8.3298 8.3298 8.5221 8.6594 8.8386 9.0185 9.0185 9.1957 9.3654 9.3654
7.3989 7.3989 7.4435 7.4801 7.4801 7.5115 7.542 7.542 7.5757 7.6157 7.6157 7.6638 7.6638 7.7195 7.7802 7.7802 7.8422 7.9007 7.9007 7.9511 7.9511 7.9893 8.0118 8.0118 8.016 8.1823 8.1823 8.1544 8.1044 8.1044 8.0336 8.0336 7.9446 7.8409 7.8409 7.7262 7.6034 7.6034 7.475 7.3442 7.3442 7.2161 7.2161 7.0977 6.9977 6.9977 6.9241 6.8825 6.8825 6.8747 6.8747 6.8981 6.9479 6.9479 7.0187 7.1069 7.1069 7.211 7.3314 7.3314 7.4694 7.4694 7.6256 7.7989 7.7989 7.9871 8.187 8.187 8.3954 8.6091 8.6091 8.8247 8.8247 9.038 9.2429 9.2429
7.3332 7.3332 7.3689 7.3946 7.3946 7.4136 7.4308 7.4308 7.451 7.4783 7.4783 7.5147 7.5147 7.56 7.612 7.612 7.6662 7.7177 7.7177 7.7613 7.7927 7.7927 7.8081 7.8081 7.8044 7.7794 7.7794 7.7313 7.6599 7.6599 7.5667 7.5667 7.455 7.3291 7.3291 7.1929 7.0499 7.0499 6.9022 6.7529 6.7529 6.607 6.607 6.4721 6.3573 6.3573 6.2722 6.2225 6.2225 6.2136 6.2136 6.2453 6.3195 6.3195 6.4297 6.5717 6.5717 6.7343 6.9129 6.9129 7.0999 7.0999 7.296 7.5009 7.5009 7.7182 7.9471 7.9471 8.1859 8.4309 8.4309 8.6783 8.6783 8.9227 9.1567 9.1567
7.0983 7.0983 7.1093 7.1073 7.1073 7.0968 7.0837 7.0837 7.0748 7.0752 7.0752 7.0883 7.0883 7.1143 7.1507 7.1507 7.1929 7.2348 7.2348 7.2705 7.2947 7.2947 7.3031 7.3031 7.292 7.2584 7.2584 7.1998 7.1144 7.1144 7.003 7.003 6.8682 6.7143 6.7143 6.5467 6.3703 6.3703 6.1891 6.0067 6.0067 5.8289 5.8289 5.6641 5.5208 5.5208 5.4106 5.3262 5.3262 5.2828 5.2306 5.2306 5.2708 5.2708 5.3938 6.2257 6.2257 6.45 6.6928 6.6928 6.9283 6.9283 7.1574 7.3809 7.3809 7.6129 7.8553 7.8553 8.1077 8.3664 8.3664 8.6272 8.6272 8.8841 9.1293 9.1293
6.7537 6.7333 6.7333 6.6985 6.6985 6.6547 6.6092 6.6092 6.5702 6.5444 6.8213 6.8234 6.8234 6.8409 6.8713 6.8713 6.9094 6.949 6.949 6.9836 7.0077 7.0077 7.0163 7.0163 7.0056 6.9714 6.9714 6.9097 6.8172 6.8172 6.6931 6.5397 6.5397 6.362 6.362 6.1674 5.9639 5.9639 5.7582 5.5551 5.5551 5.3606 5.3606 5.1823 5.0276 5.0276 4.9089 4.8107 4.8107 4.7541 4.5843 4.5843 4.1307 4.1307 4.1942 4.7095 4.7095 5.6811 6.2698 6.2698 6.6352 6.9451 6.9451 7.206 7.206 7.4647 7.73 7.73 8.005 8.2855 8.2855 8.5663 8.5663 8.8412 9.1016 9.1016
6.5583 6.5211 6.5211 6.4694 6.4694 6.4087 6.347 6.347 6.2931 6.2544 6.2544 6.2356 6.2356 6.2378 6.2582 6.2582 6.2913 6.3301 6.3301 6.3673 6.3968 6.3968 6.4122 6.4122 6.407 6.3732 6.3732 6.3013 6.1827 6.1827 6.0144 5.8004 5.8004 5.5526 5.5526 5.2881 5.0253 5.0253 4.7781 4.5534 4.5534 4.3544 4.3544 4.1832 4.0428 4.0428 3.9462 3.8774 3.8774 3.8657 3.6559 3.6559 2.8149 2.8149 0 3.6545 3.6545 5.2406 6.0429 6.0429 6.4809 6.8343 6.8343 7.1181 7.1181 7.3937 7.6741 7.6741 7.9632 8.2563 8.2563 8.5479 8.5479 8.8314 9.0982 9.0982
6.155 6.086 6.086 6.0027 6.0027 5.9107 5.8189 5.8189 5.7372 5.6746 5.6746 5.637 5.6261 5.6261 5.6395 5.6395 5.6713 5.7137 5.7137 5.7578 5.7951 5.7951 5.8158 5.8158 5.8088 5.7603 5.7603 5.657 5.4896 5.4896 5.2594 4.9789 4.9789 4.6728 4.6728 4.3694 4.0948 4.0948 3.8636 3.6793 3.6793 3.9009 3.7566 3.7566 3.6463 3.6463 3.5839 3.5632 3.5632 3.6142 3.591 3.591 3.3388 3.3388 3.5902 4.2744 4.2744 5.3582 6.0447 6.0447 6.4751 6.8235 6.8235 7.1095 7.1095 7.3884 7.6726 7.6726 7.9647 8.26 8.26 8.5529 8.837 8.837 9.1037 9.1037
5.9573 5.8748 5.8748 5.7782 5.7782 5.6734 5.5691 5.5691 5.4758 5.4032 5.4032 5.358 5.3424 5.3424 5.3543 5.3543 5.3874 5.4324 5.4324 5.4785 5.5147 5.5147 5.529 5.5085 5.5085 5.4391 5.4391 5.31 5.1157 5.1157 4.8627 4.5682 4.5682 4.2613 4.2613 3.9712 3.7224 3.7224 3.526 3.3816 3.3816 3.2795 3.2119 3.2119 3.1814 3.1814 3.2075 3.3107 3.3107 3.5182 3.8394 3.8394 4.2757 4.7821 4.7821 5.3107 5.3107 5.8036 6.238 6.238 6.5977 6.9031 6.9031 7.1792 7.1792 7.4548 7.7375 7.7375 8.026 8.3157 8.3157 8.6014 8.8772 8.8772 9.1352 9.1352
5.5944 5.4907 5.4907 5.3753 5.3753 5.2531 5.1323 5.1323 5.024 4.9387 4.9387 4.8846 4.8654 4.8654 4.8796 4.8796 4.9185 4.9676 4.9676 5 4.993 4.993 4.9302 4.8176 4.8176 4.661 4.661 4.4752 4.2672 4.2672 4.0489 3.8239 3.8239 3.6064 3.6064 3.4139 3.2655 3.2655 3.1671 3.1138 3.1138 3.0941 3.1035 3.1035 3.1522 3.1522 3.2668 3.4754 3.4754 3.7971 4.228 4.228 4.7368 5.2678 5.2678 5.7667 5.7667 6.1987 6.5574 6.5574 6.8568 7.123 7.123 7.3803 7.3803 7.6424 7.9108 7.9108 8.1821 8.452 8.452 8.7165 8.9166 8.9166 9.1655 9.1655
5.2643 5.1291 5.1291 4.992 4.8631 4.8631 4.7472 4.7472 4.6527 4.5816 4.5816 4.5404 4.5311 4.5311 4.5554 4.5554 4.6028 4.6543 4.6543 4.655 4.5688 4.5688 4.2469 3.5193 3.5193 2.8071 2.8071 3.8191 3.7213 3.7213 3.6532 3.551 3.551 3.4137 3.29 3.29 3.201 3.201 3.1544 3.1458 3.1458 3.1661 3.214 3.214 3.3023 3.3023 3.4579 3.7054 3.7054 4.0585 4.5075 4.5075 5.018 5.5344 5.5344 6.0083 6.0083 6.412 6.7457 6.7457 7.0257 7.2783 7.2783 7.5253 7.7776 7.7776 8.0348 8.0348 8.2932 8.5491 8.5491 8.7986 9.0373 9.0373 9.2591 9.2591
5.073 4.8916 4.8916 4.7216 4.5879 4.5879 4.4909 4.4909 4.4354 4.4041 4.4041 4.3951 4.4039 4.4039 4.4384 4.4907 4.4907 4.5446 4.5446 4.5388 4.4354 4.4354 3.9986 2.8464 2.8464 0 0 0 2.707 2.707 3.287 3.4222 3.4222 3.4295 3.4258 3.4258 3.4395 3.4395 3.4843 3.56 3.56 3.6637 3.7959 3.7959 3.9672 4.1951 4.1951 4.4921 4.4921 4.8603 5.285 5.285 5.7366 6.1732 6.1732 6.5643 6.5643 6.8966 7.1773 7.1773 7.421 7.6483 7.6483 7.8731 8.1014 8.1014 8.331 8.331 8.5588 8.7818 8.7818 8.997 9.2006 9.2006 9.388 9.5537
4.5208 3.7279 3.7279 3.2293 3.1131 3.1131 3.48 3.48 3.7644 3.9606 3.9606 4.1107 4.1842 4.1842 4.2454 4.3073 4.3073 4.3726 4.3726 4.3941 4.3439 4.3439 4.0756 3.4646 3.4646 3.1374 3.1374 3.1403 3.5689 3.5689 3.7955 3.9095 3.9095 3.9811 4.0466 4.0466 4.1318 4.1318 4.2485 4.3984 4.3984 4.579 4.7857 4.7857 5.0195 5.2831 5.2831 5.5772 5.5772 5.897 6.2323 6.2323 6.5673 6.883 6.883 7.1676 7.1676 7.4189 7.4096 7.4096 7.6351 7.8494 7.8494 8.0621 8.2769 8.2769 8.4915 8.4915 8.7029 8.9085 8.9085 9.1054 9.2905 9.2905 9.4595 9.6075
4.234 2.8623 2.8623 0 0 0 0 0 2.8299 3.586 3.586 3.881 3.9922 4.0837 4.1537 4.2188 4.2188 4.2916 4.2916 4.3414 4.3485 4.3485 4.2558 4.1435 4.1435 4.0324 4.0492 4.0492 4.1074 4.1074 4.2126 4.2881 4.2881 4.3701 4.4576 4.4576 4.5694 4.5694 4.713 4.8891 4.8891 5.0946 5.3225 5.3225 5.5695 5.8328 5.8328 6.11 6.11 6.3952 6.6816 6.6816 6.9601 7.221 7.221 7.4594 7.6762 7.6762 7.8775 7.8775 8.0693 8.2573 8.2573 8.4446 8.6314 8.6314 8.8153 8.8153 8.9937 9.1643 9.1643 9.3246 9.4719 9.4719 9.603 9.7147
4.3741 3.374 3.374 2.2269 0 0 2.0348 2.9054 2.9054 3.5923 3.5923 3.8234 3.9197 3.9197 3.9819 4.0454 4.0454 4.1295 4.1295 4.2283 4.3321 4.3321 4.4298 4.5203 4.5203 4.603 4.685 4.685 4.7686 4.7686 4.8599 4.9595 4.9595 5.0732 5.2055 5.2055 5.3626 5.5466 5.5466 5.7567 5.7567 5.9882 6.2332 6.2332 6.4841 6.7338 6.7338 6.977 6.977 7.2088 7.4269 7.4269 7.63 7.819 7.819 7.9959 8.1642 8.1642 8.3279 8.3279 8.4897 8.651 8.651 8.8116 8.9698 8.9698 9.1233 9.2693 9.2693 9.4054 9.4054 9.5293 9.6389 9.6389 9.7322 9.8076
