data/Petrone_etal_2016/Sediment_thickness/tbl_sed_thick_total_utm22n.asc
ncols         541
nrows         475
xllcorner     534622.5
yllcorner     7445082.5
cellsize      5
NODATA_value  -9999
[rows 272 to 305 of 475, columns 228 to 303 of 541]
10.037 10.127 10.161 10.176 10.177 10.176 10.193 10.229 10.278 10.328 10.383 10.448 10.519 10.579 10.649 10.731 10.838 10.942 11.036 11.121 11.198 11.253 11.285 11.296 11.31 11.326 11.344 11.365 11.387 11.41 11.432 11.452 11.469 11.481 11.488 11.492 11.493 11.492 11.491 11.489 11.487 11.484 11.48 11.474 11.465 11.454 11.442 11.428 11.413 11.397 11.379 11.359 11.336 11.31 11.283 11.252 11.22 11.189 11.159 11.127 11.093 11.058 11.022 10.985 10.946 10.903 10.862 10.819 10.781 10.748 10.721 10.7 10.687 10.682 10.682 10.68
10.054 10.128 10.155 10.161 10.153 10.14 10.148 10.177 10.222 10.271 10.323 10.389 10.465 10.534 10.609 10.694 10.801 10.908 11.005 11.092 11.17 11.225 11.259 11.273 11.29 11.31 11.332 11.355 11.379 11.404 11.427 11.448 11.464 11.476 11.482 11.485 11.484 11.482 11.479 11.476 11.473 11.469 11.462 11.453 11.441 11.425 11.408 11.388 11.367 11.344 11.318 11.287 11.252 11.215 11.173 11.129 11.083 11.039 10.997 10.954 10.909 10.864 10.819 10.773 10.726 10.677 10.629 10.58 10.537 10.499 10.466 10.44 10.421 10.411 10.407 10.4
10.079 10.138 10.161 10.162 10.149 10.128 10.124 10.142 10.182 10.226 10.274 10.338 10.418 10.496 10.579 10.668 10.775 10.883 10.981 11.068 11.144 11.198 11.232 11.25 11.271 11.294 11.319 11.345 11.372 11.397 11.421 11.441 11.456 11.466 11.47 11.47 11.466 11.461 11.456 11.451 11.446 11.439 11.43 11.418 11.401 11.38 11.355 11.327 11.295 11.26 11.221 11.175 11.124 11.07 11.014 10.957 10.9 10.846 10.797 10.746 10.692 10.637 10.58 10.523 10.465 10.407 10.353 10.3 10.253 10.214 10.178 10.149 10.126 10.112 10.104 10.093
10.114 10.16 10.181 10.182 10.168 10.142 10.129 10.136 10.167 10.203 10.245 10.305 10.387 10.474 10.566 10.659 10.767 10.874 10.971 11.054 11.124 11.174 11.207 11.228 11.253 11.279 11.307 11.336 11.364 11.389 11.412 11.43 11.442 11.448 11.447 11.442 11.434 11.425 11.416 11.407 11.399 11.389 11.377 11.36 11.337 11.308 11.272 11.23 11.184 11.133 11.075 11.011 10.944 10.876 10.81 10.744 10.68 10.62 10.564 10.504 10.438 10.369 10.298 10.229 10.161 10.097 10.041 9.9917 9.9501 9.9141 9.8819 9.8539 9.831 9.8147 9.8025 9.7881
10.148 10.199 10.223 10.227 10.213 10.185 10.164 10.16 10.179 10.205 10.239 10.296 10.379 10.473 10.57 10.667 10.774 10.879 10.971 11.048 11.109 11.154 11.187 11.21 11.237 11.267 11.297 11.326 11.354 11.379 11.399 11.412 11.419 11.418 11.41 11.398 11.382 11.366 11.351 11.337 11.325 11.311 11.293 11.27 11.236 11.195 11.143 11.084 11.018 10.948 10.873 10.793 10.71 10.631 10.556 10.486 10.416 10.35 10.288 10.22 10.146 10.066 9.9847 9.9078 9.8356 9.7715 9.7206 9.679 9.6474 9.6189 9.5933 9.5705 9.5516 9.5375 9.5252 9.5108
10.188 10.244 10.272 10.279 10.267 10.237 10.211 10.199 10.208 10.225 10.252 10.307 10.391 10.488 10.59 10.69 10.796 10.897 10.982 11.049 11.1 11.14 11.171 11.197 11.226 11.257 11.288 11.317 11.344 11.365 11.38 11.387 11.384 11.374 11.355 11.332 11.307 11.281 11.258 11.237 11.216 11.195 11.167 11.132 11.085 11.028 10.957 10.879 10.794 10.707 10.616 10.522 10.427 10.34 10.258 10.183 10.11 10.041 9.9765 9.9085 9.8362 9.7585 9.68 9.608 9.5437 9.4901 9.4506 9.4201 9.399 9.3793 9.3608 9.3437 9.2866 9.2741 9.2623 9.2906
10.229 10.29 10.324 10.335 10.325 10.294 10.263 10.244 10.243 10.252 10.276 10.33 10.415 10.516 10.621 10.724 10.828 10.924 10.999 11.056 11.099 11.132 11.161 11.188 11.218 11.249 11.28 11.308 11.331 11.347 11.355 11.351 11.338 11.314 11.282 11.245 11.206 11.168 11.134 11.102 11.07 11.035 10.993 10.942 10.877 10.8 10.71 10.614 10.512 10.409 10.305 10.199 10.095 9.9999 9.9151 9.842 9.7757 9.7153 9.6617 9.6066 9.5498 9.434 9.3199 9.2132 9.1687 9.1334 9.1088 9.0913 9.0806 9.1094 9.0995 9.0898 9.0006 8.7545 8.9887 9.0233
10.271 10.341 10.383 10.401 10.393 10.363 10.328 10.302 10.29 10.292 10.313 10.367 10.453 10.558 10.666 10.772 10.872 10.959 11.024 11.07 11.103 11.131 11.157 11.184 11.214 11.245 11.274 11.299 11.317 11.326 11.323 11.307 11.279 11.24 11.192 11.138 11.083 11.03 10.981 10.934 10.884 10.831 10.769 10.697 10.613 10.516 10.409 10.296 10.181 10.065 9.9482 9.8329 9.7261 9.6327 9.5554 9.4941 9.4457 9.4064 9.3747 9.2941 9.213 9.0735 8.745 8.723 8.7043 8.691 8.6834 8.6803 8.6799 8.6808 8.8636 8.6848 8.6883 8.6927 8.6976 8.7016
10.316 10.397 10.45 10.475 10.471 10.444 10.408 10.376 10.355 10.35 10.37 10.423 10.509 10.613 10.721 10.825 10.92 10.997 11.05 11.085 11.109 11.132 11.156 11.184 11.213 11.243 11.27 11.29 11.302 11.301 11.285 11.255 11.21 11.153 11.086 11.015 10.942 10.872 10.804 10.737 10.665 10.588 10.504 10.41 10.302 10.184 10.058 9.9304 9.8017 9.6744 9.5516 9.4371 9.3385 9.2581 9.1988 9.1598 9.0955 9.0433 8.9975 8.9453 8.667 8.6608 8.649 8.6356 8.6241 8.6171 8.6147 8.6161 8.6193 8.623 8.6266 8.6302 8.6341 8.6384 8.6423 8.6449
10.359 10.449 10.51 10.54 10.54 10.517 10.483 10.448 10.423 10.416 10.437 10.492 10.575 10.674 10.779 10.878 10.965 11.03 11.071 11.097 11.116 11.136 11.159 11.186 11.215 11.242 11.266 11.281 11.284 11.272 11.243 11.196 11.133 11.056 10.97 10.878 10.786 10.696 10.607 10.515 10.418 10.316 10.205 10.085 9.9509 9.8105 9.6664 9.5255 9.3887 9.2599 9.1429 9.0413 8.9621 8.8609 8.8255 8.8095 8.7786 8.4752 8.5086 8.5352 8.5524 8.5599 9.379 9.3757 9.3711 9.3675 9.366 9.3672 9.3694 9.3718 9.3734 9.3739 9.3723 9.3697 9.367 9.3629
10.394 10.49 10.555 10.587 10.588 10.569 10.539 10.507 10.483 10.481 10.507 10.564 10.643 10.736 10.833 10.924 11 11.053 11.084 11.104 11.12 11.14 11.163 11.19 11.217 11.243 11.262 11.271 11.265 11.241 11.196 11.132 11.049 10.952 10.845 10.733 10.62 10.507 10.392 10.274 10.149 10.018 9.8777 9.7284 9.5671 9.4048 9.2438 9.0934 8.9558 8.8357 8.7357 8.6568 8.6022 8.4908 8.1611 8.454 8.474 8.3116 8.3633 9.2041 9.2319 9.2532 9.2697 9.2796 9.2856 9.2903 9.2952 9.3009 9.3063 9.3103 9.3122 9.3121 9.3089 9.304 9.2986 9.2916
10.423 10.518 10.582 10.614 10.619 10.607 10.583 10.558 10.542 10.549 10.581 10.637 10.711 10.796 10.883 10.963 11.027 11.068 11.092 11.108 11.124 11.145 11.169 11.195 11.221 11.243 11.259 11.261 11.245 11.207 11.147 11.064 10.961 10.844 10.716 10.583 10.447 10.309 10.165 10.017 9.8614 9.6991 9.5257 9.3466 9.1608 8.981 8.8098 8.6581 8.5293 8.426 8.3472 8.2923 8.2304 8.1444 7.9448 8.0076 8.8883 8.9433 8.9992 9.0519 9.0984 9.1373 9.1696 9.1926 9.209 9.2218 9.2325 9.2423 9.2505 9.2559 9.258 9.2571 9.2524 9.2454 9.2375 9.2278
10.448 10.543 10.605 10.641 10.653 10.65 10.635 10.619 10.612 10.626 10.66 10.711 10.776 10.851 10.927 10.995 11.046 11.078 11.097 11.112 11.13 11.151 11.175 11.201 11.225 11.245 11.255 11.249 11.223 11.172 11.095 10.993 10.871 10.732 10.584 10.429 10.268 10.101 9.9271 9.7483 9.5605 9.3659 9.1617 8.9565 8.7523 8.5622 8.3879 8.2402 8.1214 7.9987 7.9402 7.9176 7.9205 7.6642 8.5518 8.6155 8.6871 8.7611 8.8367 8.9094 8.9751 9.0319 9.0797 9.1151 9.141 9.1608 9.1762 9.1891 9.1992 9.2051 9.2066 9.2046 9.1981 9.189 9.1787 9.1663
10.472 10.565 10.627 10.67 10.692 10.701 10.697 10.692 10.695 10.714 10.744 10.787 10.84 10.901 10.964 11.02 11.06 11.085 11.102 11.118 11.137 11.159 11.183 11.207 11.23 11.246 11.251 11.238 11.201 11.136 11.043 10.922 10.779 10.62 10.45 10.272 10.085 9.8894 9.684 9.475 9.2561 9.0314 8.7992 8.5739 8.3582 8.1641 7.9489 7.7716 7.6624 7.5669 7.2988 7.5503 8.2052 8.2535 8.3217 8.404 8.4951 8.5893 8.6855 8.7786 8.8637 8.9378 9.0003 9.0473 9.082 9.108 9.1277 9.1433 9.1548 9.1608 9.1618 9.1587 9.1509 9.1399 9.1276 9.1125
10.491 10.582 10.645 10.694 10.726 10.745 10.753 10.76 10.772 10.793 10.818 10.852 10.894 10.943 10.993 11.037 11.068 11.09 11.107 11.125 11.145 11.168 11.192 11.215 11.236 11.249 11.248 11.227 11.179 11.101 10.99 10.851 10.688 10.508 10.318 10.116 9.901 9.6756 9.4406 9.2042 8.9584 8.7075 8.4519 8.2114 7.9889 7.7524 7.5341 7.1008 7.0539 7.1617 7.0399 7.9133 7.9518 8.0169 8.1034 8.2052 8.3169 8.4321 8.5494 8.6632 8.7675 8.8585 8.9348 8.9929 9.0357 9.0677 9.0913 9.1095 9.1222 9.1286 9.1292 9.1254 9.1166 9.1045 9.0906 9.0734
10.508 10.597 10.661 10.715 10.754 10.782 10.8 10.816 10.835 10.857 10.878 10.904 10.936 10.975 11.015 11.049 11.075 11.095 11.113 11.133 11.155 11.179 11.203 11.225 11.243 11.252 11.246 11.217 11.159 11.067 10.941 10.783 10.601 10.401 10.19 9.9639 9.7226 9.4678 9.2051 8.9442 8.6747 8.3995 8.1231 7.8705 7.6446 7.3725 6.8938 6.9188 6.7891 6.7756 7.6404 7.6615 7.7159 7.7992 7.9051 8.0276 8.1609 8.2978 8.4363 8.57 8.6924 8.7989 8.8875 8.955 9.0048 9.0415 9.0687 9.0891 9.1032 9.1102 9.1111 9.1071 9.0979 9.085 9.0699 9.0508
10.521 10.607 10.673 10.731 10.776 10.812 10.838 10.862 10.884 10.906 10.922 10.942 10.966 10.997 11.028 11.056 11.079 11.099 11.121 11.143 11.167 11.192 11.215 11.236 11.252 11.258 11.246 11.21 11.142 11.037 10.896 10.721 10.521 10.301 10.07 9.8215 9.5542 9.2721 8.985 8.7015 8.409 8.1104 7.8167 7.5545 7.2841 6.9786 6.6282 6.5705 7.4171 7.3896 7.3933 7.4294 7.5009 7.6034 7.7292 7.8727 8.0277 8.1862 8.3453 8.4983 8.6379 8.7588 8.8586 8.9346 8.9907 9.0321 9.0627 9.0856 9.1014 9.1095 9.1109 9.1071 9.0978 9.0842 9.0677 9.0466
10.537 10.621 10.688 10.749 10.8 10.841 10.873 10.901 10.922 10.94 10.953 10.967 10.985 11.01 11.035 11.06 11.083 11.106 11.131 11.156 11.181 11.206 11.229 11.249 11.262 11.264 11.247 11.204 11.126 11.011 10.856 10.666 10.448 10.211 9.9618 9.6914 9.4006 9.0941 8.7856 8.4802 8.1636 7.8381 7.5226 7.2428 6.923 6.4133 6.3437 7.1833 7.1509 7.1451 7.1689 7.2224 7.3118 7.4332 7.579 7.7433 7.9195 8.0993 8.2787 8.4502 8.6059 8.74 8.8498 8.9333 8.9952 9.0412 9.0755 9.1014 9.1196 9.1295 9.1322 9.1291 9.1202 9.1066 9.0892 9.0665
10.549 10.633 10.703 10.766 10.819 10.863 10.897 10.925 10.943 10.956 10.965 10.977 10.993 11.015 11.038 11.063 11.089 11.116 11.143 11.17 11.197 11.222 11.245 11.262 11.272 11.269 11.246 11.196 11.111 10.985 10.818 10.615 10.383 10.129 9.8639 9.5736 9.2621 8.9345 8.6087 8.283 7.9418 7.5837 7.2358 6.9215 6.5389 6.0745 6.0204 6.8715 6.8841 6.9169 6.9708 7.0443 7.1524 7.2927 7.4581 7.6429 7.8399 8.0405 8.2397 8.429 8.6001 8.7464 8.8653 8.9557 9.0227 9.0724 9.1097 9.1377 9.1576 9.1691 9.173 -9999 -9999 -9999 -9999 -9999
10.564 10.649 10.72 10.782 10.835 10.879 10.912 10.934 10.948 10.958 10.966 10.979 10.996 11.017 11.042 11.07 11.099 11.129 11.159 11.188 11.215 11.24 11.26 11.274 11.278 11.27 11.24 11.183 11.089 10.954 10.777 10.563 10.318 10.051 9.7716 9.4647 9.1368 8.7918 8.4516 8.1071 7.7429 7.3444 6.9467 6.5138 6.0778 5.4971 6.3528 6.4352 6.6136 6.706 6.8023 6.8985 7.0259 7.1849 7.3699 7.5747 7.7921 8.013 8.2312 8.4374 8.6227 8.7801 8.907 9.0033 9.0744 9.127 9.1662 9.1955 9.2163 9.2289 -9999 -9999 -9999 -9999 -9999 -9999
10.58 10.664 10.736 10.798 10.851 10.893 10.922 10.937 10.946 10.954 10.964 10.98 10.999 11.024 11.051 11.082 11.114 11.147 11.179 11.208 11.235 11.257 11.272 11.28 11.278 11.261 11.223 11.157 11.054 10.91 10.724 10.5 10.245 9.967 9.6758 9.3558 9.0149 8.6558 8.3036 7.9426 7.5584 7.12 6.6703 6.0042 5.0261 5.1124 5.2712 5.9525 6.3616 6.521 6.6637 6.7834 6.9304 7.1077 7.3119 7.5361 7.7728 8.013 8.2491 8.4715 8.6704 8.8388 8.9735 9.0755 9.1507 9.2059 9.2465 9.2765 9.2976 9.3106 -9999 -9999 -9999 -9999 -9999 -9999
10.606 10.689 10.761 10.82 10.872 10.911 10.936 10.945 10.951 10.959 10.972 10.989 11.012 11.038 11.068 11.1 11.135 11.169 11.202 11.231 11.255 11.272 11.28 11.279 11.267 11.239 11.189 11.112 10.999 10.845 10.65 10.417 10.153 9.866 9.5656 9.236 8.8854 8.5153 8.153 7.779 7.3797 6.9113 6.4219 5.4822 3.6272 0 4.2195 5.4676 6.1514 6.3706 6.5562 6.6989 6.8656 7.0613 7.2844 7.5272 7.782 8.0401 8.2928 8.5301 8.7419 8.9207 9.0628 9.1703 9.2489 9.3058 9.3471 9.3768 9.3973 -9999 -9999 -9999 -9999 -9999 -9999 -9999
10.64 10.723 10.793 10.85 10.899 10.934 10.954 10.96 10.965 10.974 10.989 11.008 11.031 11.059 11.09 11.124 11.16 11.195 11.227 11.253 11.272 11.282 11.28 11.267 11.24 11.198 11.134 11.042 10.916 10.752 10.547 10.305 10.033 9.7395 9.4308 9.0925 8.7333 8.3542 7.9837 7.6011 7.1943 6.7201 6.2259 5.1717 2.9108 0 3.5094 5.2383 6.0118 6.2641 6.4774 6.6414 6.828 7.0424 7.2837 7.5437 7.8148 8.0885 8.3561 8.6069 8.8307 9.0191 9.1686 9.2812 9.3631 9.4211 9.4619 9.4901 9.5087 -9999 -9999 -9999 -9999 -9999 -9999 -9999
10.683 10.765 10.832 10.886 10.93 10.959 10.975 10.979 10.985 10.996 11.012 11.032 11.056 11.084 11.117 11.151 11.187 11.221 11.25 11.272 11.284 11.283 11.269 11.24 11.196 11.136 11.054 10.946 10.806 10.628 10.412 10.162 9.8834 9.5825 9.2649 8.9181 8.5506 8.164 7.7866 7.3998 6.9953 6.5393 6.0749 5.1172 3.3672 0 3.9807 5.23 5.9429 6.1998 6.4248 6.6076 6.8135 7.0464 7.3042 7.5791 7.8638 8.1502 8.4301 8.6923 8.9263 9.1233 9.2795 9.397 9.4817 9.5404 9.5801 9.606 -9999 -9999 -9999 -9999 -9999 -9999 -9999 -9999
10.727 10.805 10.869 10.919 10.958 10.982 10.996 11 11.008 11.02 11.037 11.057 11.082 11.11 11.142 11.177 11.211 11.243 11.269 11.284 11.286 11.273 11.242 11.196 11.133 11.052 10.951 10.825 10.667 10.476 10.249 9.9898 9.7038 9.395 9.0672 8.7115 8.3362 7.944 7.5605 7.1736 6.7789 6.3632 5.9604 5.253 4.0799 4.5342 4.749 5.4653 5.9368 6.1711 6.3922 6.591 6.8149 7.0651 7.3374 7.6242 7.9192 -9999 -9999 -9999 -9999 -9999 -9999 -9999 -9999 -9999 -9999 -9999 -9999 -9999 -9999 -9999 -9999 -9999 -9999 -9999
10.772 10.845 10.904 10.949 10.982 11.002 11.015 11.021 11.03 11.042 11.059 11.079 11.104 11.132 11.164 11.198 11.23 11.259 11.279 11.286 11.276 11.248 11.2 11.134 11.05 10.948 10.827 10.681 10.507 10.3 10.062 9.7939 9.4992 9.1808 8.8423 8.478 8.0958 7.6985 7.3097 6.925 6.5454 6.1766 5.8448 5.3949 4.7693 5.3963 5.4984 5.6776 5.9556 6.159 6.3711 6.584 6.8242 7.0896 7.3733 7.6688 -9999 -9999 -9999 -9999 -9999 -9999 -9999 -9999 -9999 -9999 -9999 -9999 -9999 -9999 -9999 -9999 -9999 -9999 -9999 -9999
10.816 10.883 10.936 10.974 11 11.018 11.03 11.037 11.046 11.059 11.076 11.096 11.12 11.148 11.179 11.211 11.241 11.265 11.278 11.275 11.252 11.208 11.141 11.054 10.949 10.827 10.685 10.52 10.329 10.109 9.8598 9.5826 9.2787 8.95 8.601 8.2291 7.8398 7.4369 7.0425 6.661 6.299 5.9771 5.712 5.455 5.3256 5.6742 5.7222 5.8238 5.9733 6.151 6.3559 6.581 6.8349 7.1124 7.4044 7.7052 -9999 -9999 -9999 -9999 -9999 -9999 -9999 -9999 -9999 -9999 -9999 -9999 -9999 -9999 -9999 -9999 -9999 -9999 -9999 -9999
10.861 10.919 10.965 10.996 11.016 11.029 11.04 11.048 11.057 11.07 11.086 11.105 11.128 11.155 11.185 11.215 11.243 11.262 11.266 11.252 11.214 11.152 11.067 10.96 10.834 10.691 10.529 10.347 10.14 9.9071 9.6495 9.3638 9.0512 8.7124 8.3537 7.973 7.5749 7.1637 6.7628 6.3852 6.0431 5.7595 5.5435 5.3572 5.2806 5.6791 5.7356 5.8322 5.9659 6.1359 6.3421 6.5782 6.8426 7.1283 7.4254 7.7287 -9999 -9999 -9999 -9999 -9999 -9999 -9999 -9999 -9999 -9999 -9999 -9999 -9999 -9999 -9999 -9999 -9999 -9999 -9999 -9999
10.897 10.948 10.986 11.011 11.026 11.037 11.046 11.054 11.063 11.075 11.089 11.107 11.129 11.155 11.183 11.211 11.235 11.247 11.243 11.216 11.164 11.084 10.979 10.852 10.706 10.543 10.363 10.164 9.9436 9.7003 9.4347 9.1412 8.8202 8.4719 8.102 7.71 7.2992 6.8779 6.4719 6.1006 5.7792 5.5267 5.307 5.1263 4.8316 5.6187 5.6895 5.7951 5.9333 6.1094 6.3235 6.5695 6.8419 7.133 7.4327 7.7364 -9999 -9999 -9999 -9999 -9999 -9999 -9999 -9999 -9999 -9999 -9999 -9999 -9999 -9999 -9999 -9999 -9999 -9999 -9999 -9999
10.922 10.966 10.999 11.02 11.032 11.042 11.05 11.058 11.066 11.076 11.088 11.104 11.124 11.147 11.174 11.199 11.217 11.223 11.209 11.169 11.101 11.003 10.879 10.732 10.566 10.385 10.188 9.9741 9.7404 9.4863 9.2114 8.9094 8.5793 8.2198 7.8376 7.4328 7.0102 6.5824 6.1766 5.815 5.5137 5.2477 5.0228 4.6934 4.7207 5.5185 5.6064 5.7286 5.8825 6.0724 6.2978 6.5525 6.8308 7.1248 7.4252 7.728 -9999 -9999 -9999 -9999 -9999 -9999 -9999 -9999 -9999 -9999 -9999 -9999 -9999 -9999 -9999 -9999 -9999 -9999 -9999 -9999
10.938 10.975 11.003 11.022 11.036 11.046 11.054 11.061 11.067 11.074 11.084 11.097 11.114 11.135 11.157 11.178 11.191 11.189 11.165 11.111 11.027 10.911 10.767 10.601 10.417 10.217 10.005 9.7759 9.5284 9.2621 8.9758 8.6633 8.3215 7.9497 7.5546 7.139 6.7095 6.2818 5.8833 5.5356 5.2175 4.9427 4.5711 4.5636 5.3477 5.4101 5.5145 5.654 5.8245 6.0286 6.2649 6.5268 6.8088 7.1037 7.4031 7.7038 -9999 -9999 -9999 -9999 -9999 -9999 -9999 -9999 -9999 -9999 -9999 -9999 -9999 -9999 -9999 -9999 -9999 -9999 -9999 -9999
10.95 10.981 11.006 11.026 11.041 11.053 11.06 11.065 11.069 11.073 11.079 11.088 11.101 11.118 11.135 11.15 11.156 11.145 11.109 11.042 10.941 10.807 10.645 10.46 10.257 10.041 9.8115 9.5673 9.3044 9.0235 8.7239 8.3986 8.0438 7.6592 7.2543 6.8318 6.4025 5.9815 5.553 5.1875 4.8624 4.486 4.4336 5.1953 5.2235 5.2996 5.4193 5.5749 5.7612 5.9787 6.2244 6.4916 6.7755 7.0698 7.367 7.6648 7.9631 8.2588 -9999 -9999 -9999 -9999 -9999 -9999 -9999 -9999 -9999 -9999 -9999 -9999 -9999 -9999 -9999 -9999 -9999 -9999
10.957 10.987 11.013 11.035 11.051 11.063 11.07 11.072 11.073 11.073 11.075 11.079 11.087 11.098 11.109 11.116 11.113 11.092 11.043 10.961 10.844 10.693 10.512 10.309 10.088 9.8559 9.6107 9.3501 9.0704 8.7741 8.4595 8.1186 7.7475 7.3498 6.936 6.5116 6.088 5.6806 5.2382 4.6064 4.4473 4.346 5.0772 5.0613 5.1016 5.1899 5.3232 5.4929 5.6929 5.9218 6.1752 6.4461 6.7307 7.0234 7.3174 7.6118 7.9064 8.1982 8.4841 -9999 -9999 -9999 -9999 -9999 -9999 -9999 -9999 -9999 -9999 -9999 -9999 -9999 -9999 -9999 -9999 -9999
10.963 10.995 11.024 11.048 11.066 11.078 11.083 11.083 11.08 11.076 11.073 11.072 11.073 11.077 11.08 11.078 11.064 11.03 10.968 10.872 10.738 10.57 10.371 10.15 9.9123 9.6628 9.3995 9.1213 8.8241 8.512 8.1797 7.82 7.43 7.0181 6.5965 6.173 5.7603 5.3417 4.9018 4.4481 4.3038 5.0059 4.9417 4.9371 4.9875 5.0862 5.2304 5.4113 5.6214 5.8581 6.1158 6.3878 6.6708 6.9606 7.2505 7.5404 7.8308 8.1182 8.3998 8.6685 -9999 -9999 -9999 -9999 -9999 -9999 -9999 -9999 -9999 -9999 -9999 -9999 -9999 -9999 -9999 -9999
