data/Petrone_etal_2016/Sediment_thickness/tbl_sed_thick_glacial_dep_utm22n.asc
ncols         541
nrows         475
xllcorner     534622.5
yllcorner     7445082.5
cellsize      5
NODATA_value  -9999
[rows 264 to 296 of 475, columns 228 to 303 of 541]
9.8641 9.8883 9.9078 9.9227 9.933 9.9392 9.9415 9.9406 9.9375 9.9331 9.9283 9.924 9.9205 9.918 9.9165 9.9156 9.9153 9.9155 9.9162 9.9175 9.9192 9.9212 9.9234 9.9257 9.9283 9.9315 9.9357 9.9412 9.948 9.9561 9.9647 9.9731 9.9805 9.9865 9.9909 9.9939 9.996 9.9975 9.9985 9.9992 9.9997 9.9999 10 9.9999 9.9998 9.9994 9.9985 9.9969 9.9945 9.9911 9.9867 9.9816 9.9757 9.9693 9.9624 9.9551 9.9476 9.9401 9.9329 9.9263 9.9205 9.9157 9.9121 9.9096 9.908 9.9072 9.907 9.9075 9.9087 9.9108 9.9139 9.9179 9.9229 9.9286 9.9349 9.9415
9.8996 9.9222 9.9392 9.9509 9.9577 9.96 9.9583 9.9534 9.9463 9.9381 9.9298 9.9226 9.9168 9.9127 9.91 9.9085 9.9078 9.9078 9.9084 9.9096 9.9113 9.9132 9.9154 9.9177 9.9205 9.9241 9.9289 9.9352 9.9431 9.9524 9.9622 9.9718 9.9802 9.9868 9.9915 9.9946 9.9966 9.9979 9.9988 9.9994 9.9997 9.9999 9.9999 9.9999 9.9996 9.9991 9.998 9.9961 9.9933 9.9894 9.9846 9.979 9.9728 9.9662 9.9592 9.952 9.9446 9.9373 9.9304 9.9239 9.9183 9.9136 9.9101 9.9076 9.906 9.9051 9.9048 9.9051 9.9062 9.9083 9.9114 9.9156 9.9207 9.9265 9.9329 9.9396
9.9177 9.9392 9.9542 9.9633 9.9673 9.9666 9.9619 9.954 9.944 9.9331 9.9224 9.9132 9.906 9.9009 9.8978 9.8961 9.8954 9.8954 9.8961 9.8974 9.8991 9.9012 9.9035 9.9062 9.9095 9.9138 9.9197 9.9273 9.9367 9.9475 9.9589 9.9699 9.9795 9.9869 9.9921 9.9953 9.9973 9.9984 9.9991 9.9995 9.9998 9.9999 9.9998 9.9997 9.9993 9.9986 9.9972 9.995 9.9918 9.9875 9.9823 9.9763 9.9697 9.9627 9.9554 9.9479 9.9404 9.9331 9.9261 9.9197 9.9141 9.9095 9.9059 9.9033 9.9016 9.9005 9.8999 9.8998 9.9005 9.9022 9.905 9.909 9.914 9.9199 9.9264 9.9331
9.9263 9.9471 9.9604 9.9672 9.9687 9.9654 9.9583 9.948 9.9356 9.9225 9.91 9.8992 9.8909 9.8853 9.8819 9.8802 9.8796 9.8798 9.8806 9.882 9.8839 9.8861 9.8888 9.892 9.8961 9.9016 9.9088 9.918 9.9292 9.9419 9.9551 9.9677 9.9785 9.9868 9.9925 9.996 9.9979 9.9988 9.9993 9.9996 9.9998 9.9997 9.9995 9.9992 9.9986 9.9975 9.9958 9.9933 9.9896 9.9849 9.9792 9.9727 9.9656 9.958 9.9502 9.9421 9.9342 9.9264 9.9191 9.9124 9.9066 9.9017 9.8978 9.8949 9.8928 9.8912 9.8899 9.8891 9.8889 9.8897 9.8917 9.895 9.8996 9.9053 9.9118 9.9187
9.9303 9.9506 9.9623 9.967 9.966 9.9604 9.9508 9.9383 9.9238 9.9087 9.8945 9.8824 9.8732 9.8671 9.8635 9.8618 9.8613 9.8617 9.8626 9.8641 9.8662 9.8687 9.8719 9.8759 9.8811 9.8879 9.8967 9.9078 9.921 9.9357 9.9508 9.9651 9.9772 9.9865 9.9927 9.9964 9.9983 9.9991 9.9994 9.9996 9.9995 9.9993 9.9989 9.9981 9.997 9.9954 9.9931 9.9899 9.9857 9.9803 9.9739 9.9666 9.9587 9.9501 9.9413 9.9323 9.9233 9.9147 9.9065 9.8991 9.8924 9.8867 9.882 9.8782 9.8751 9.8724 9.87 9.8679 9.8663 9.8655 9.8661 9.8681 9.8718 9.877 9.8832 9.8901
9.9317 9.9514 9.9616 9.9641 9.9607 9.9526 9.9407 9.9258 9.9093 9.8923 9.8765 9.8632 9.8532 9.8465 9.8428 9.8411 9.8407 9.8412 9.8423 9.8439 9.8463 9.8493 9.8532 9.8583 9.8648 9.8733 9.884 9.8971 9.9124 9.9291 9.9462 9.9621 9.9756 9.9858 9.9926 9.9965 9.9984 9.9991 9.9992 9.9991 9.9989 9.9983 9.9974 9.996 9.994 9.9914 9.988 9.9836 9.9782 9.9717 9.9641 9.9555 9.946 9.9359 9.9253 9.9145 9.9039 9.8937 9.8839 9.8749 9.8665 9.859 9.8524 9.8468 9.8418 9.8374 9.8331 9.8289 9.8252 9.8222 9.8207 9.8209 9.8232 9.8273 9.8329 9.8395
9.9308 9.9499 9.9582 9.9584 9.9523 9.9414 9.927 9.9098 9.8912 9.8724 9.8552 9.8408 9.83 9.8231 9.8192 9.8176 9.8173 9.8179 9.8191 9.8211 9.8238 9.8276 9.8326 9.8391 9.8475 9.858 9.8709 9.8862 9.9037 9.9225 9.9414 9.9589 9.9737 9.9848 9.9921 9.9962 9.998 9.9984 9.9983 9.9979 9.9973 9.9963 9.9946 9.9921 9.9887 9.9843 9.979 9.9727 9.9653 9.9568 9.9471 9.9362 9.9242 9.9114 9.8981 9.8846 9.8713 9.8584 9.8461 9.8343 9.823 9.8124 9.8027 9.794 9.7861 9.7788 9.7718 9.7649 9.7583 9.7527 9.7485 9.7463 9.7466 9.7493 9.754 9.76
9.9275 9.9454 9.9516 9.9489 9.9397 9.9259 9.9087 9.8892 9.8685 9.8481 9.8295 9.8143 9.8031 9.7959 9.792 9.7905 9.7904 9.7912 9.7926 9.7949 9.7984 9.8033 9.8099 9.8184 9.8291 9.8421 9.8576 9.8755 9.8952 9.9161 9.9367 9.9557 9.9715 9.9833 9.9909 9.995 9.9966 9.9966 9.996 9.9952 9.994 9.9922 9.9894 9.9853 9.9797 9.9727 9.9645 9.9551 9.9445 9.9328 9.9198 9.9054 9.8897 9.873 9.8557 9.8383 9.8212 9.8046 9.7885 9.7728 9.7573 9.7423 9.7281 9.7149 9.7028 9.6917 9.6813 9.6712 9.6616 9.6528 9.6458 9.641 9.6391 9.6401 9.6435 9.6486
9.9218 9.9381 9.9416 9.9355 9.9228 9.9056 9.8855 9.8635 9.8408 9.8189 9.7993 9.7834 9.7719 9.7647 9.761 9.7597 9.7598 9.7608 9.7625 9.7654 9.7699 9.7763 9.785 9.7961 9.8098 9.8259 9.8444 9.865 9.8871 9.91 9.9321 9.9522 9.9687 9.9807 9.9883 9.992 9.9929 9.9922 9.9908 9.9892 9.9871 9.9842 9.9798 9.9735 9.965 9.9544 9.942 9.9282 9.9131 9.8967 9.879 9.8597 9.8391 9.8173 9.795 9.7728 9.751 9.7299 9.7092 9.6886 9.6679 9.6474 9.6275 9.6089 9.5919 9.5764 9.5622 9.5489 9.5363 9.5248 9.5151 9.5079 9.5039 9.5032 9.5053 9.5095
9.914 9.9283 9.9286 9.9188 9.9021 9.8813 9.8581 9.8336 9.8091 9.7859 9.7655 9.7492 9.7377 9.7306 9.7271 9.726 9.7263 9.7275 9.7297 9.7333 9.739 9.7473 9.7586 9.7729 9.79 9.8097 9.8315 9.855 9.8794 9.9039 9.9272 9.9477 9.9642 9.9757 9.9823 9.9847 9.9842 9.982 9.9793 9.9763 9.973 9.9685 9.9621 9.9529 9.9407 9.9254 9.9078 9.8882 9.8672 9.8448 9.8211 9.7959 9.7693 9.7419 9.7141 9.6868 9.6603 9.6346 9.6092 9.5836 9.5574 9.531 9.5052 9.4808 9.4586 9.4389 9.4213 9.4052 9.3904 9.377 9.3655 9.3568 9.3514 9.3495 9.3507 9.354
9.9047 9.9168 9.9139 9.9001 9.8794 9.8549 9.8286 9.8017 9.7756 9.7513 9.7304 9.7139 9.7024 9.6955 9.6923 9.6915 9.692 9.6935 9.6961 9.7005 9.7076 9.718 9.7321 9.7498 9.7706 9.7939 9.8191 9.8452 9.8717 9.8973 9.9209 9.9409 9.9561 9.9657 9.9699 9.9697 9.9663 9.9615 9.9563 9.9513 9.9459 9.9394 9.9303 9.9177 9.901 9.8803 9.8563 9.83 9.802 9.7727 9.7422 9.7105 9.6779 9.645 9.6124 9.5809 9.5506 9.5214 9.4924 9.4627 9.4319 9.4003 9.369 9.3395 9.3129 9.2897 9.2697 9.2522 9.2365 9.2226 9.2107 9.2016 9.1958 9.1936 9.1945 9.1975
9.8945 9.9046 9.8987 9.8813 9.8569 9.8289 9.7998 9.7708 9.7433 9.7182 9.6969 9.6804 9.6691 9.6625 9.6595 9.6589 9.6596 9.6613 9.6644 9.6697 9.6781 9.6906 9.7074 9.7283 9.7526 9.7793 9.8074 9.8358 9.8635 9.8893 9.9119 9.9298 9.9419 9.9475 9.9472 9.9421 9.934 9.9248 9.9157 9.9073 9.8989 9.8894 9.877 9.8603 9.8385 9.8118 9.781 9.7472 9.7117 9.6751 9.6378 9.6002 9.5625 9.5254 9.4898 9.4562 9.4246 9.3943 9.3639 9.3323 9.2987 9.2637 9.2287 9.1956 9.166 9.141 9.1202 9.1028 9.0879 9.0751 9.0644 9.0563 9.0515 9.05 9.0514 9.0545
9.8839 9.8926 9.8844 9.864 9.8365 9.8056 9.7741 9.7435 9.715 9.6894 9.668 9.6516 9.6405 9.6342 9.6315 9.631 9.6319 9.6339 9.6373 9.6434 9.6531 9.6674 9.6865 9.7101 9.7373 9.7666 9.7969 9.8265 9.8543 9.8788 9.8986 9.9123 9.9187 9.9177 9.9101 9.8975 9.882 9.866 9.851 9.8374 9.8246 9.811 9.7943 9.7729 9.7455 9.7124 9.6744 9.6333 9.5904 9.547 9.5039 9.4616 9.4208 9.3822 9.3466 9.3143 9.2847 9.2567 9.2283 9.1978 9.1645 9.1287 9.0924 9.058 9.0278 9.0028 8.9831 8.9676 8.9552 8.9449 8.9368 8.931 8.928 8.9281 8.9305 8.9343
9.8733 9.8814 9.8717 9.8493 9.8194 9.7865 9.7533 9.7216 9.6925 9.6668 9.6456 9.6294 9.6186 9.6125 9.61 9.6097 9.6107 9.6129 9.6168 9.6236 9.6343 9.6501 9.671 9.6965 9.7256 9.7566 9.7878 9.8174 9.8437 9.865 9.8797 9.8865 9.8844 9.8736 9.8555 9.8322 9.8065 9.781 9.7575 9.7366 9.7175 9.6983 9.6762 9.6492 9.6157 9.576 9.531 9.4829 9.4335 9.3845 9.3373 9.2927 9.2517 9.2151 9.1832 9.1561 9.1326 9.1109 9.0884 9.0629 9.0332 9.0001 8.9655 8.9326 8.904 8.8812 8.8644 8.8522 8.8434 8.8368 8.832 8.8292 8.8288 8.8307 8.8344 8.8388
9.8629 9.871 9.8606 9.837 9.8058 9.7715 9.7374 9.7052 9.676 9.6505 9.6296 9.6139 9.6035 9.5976 9.5953 9.5952 9.5964 9.5988 9.6032 9.6106 9.6223 9.6391 9.6612 9.6879 9.7179 9.7495 9.7804 9.8084 9.8314 9.8474 9.8545 9.8514 9.8377 9.8141 9.7823 9.7453 9.7063 9.6684 9.6338 9.6032 9.5756 9.5489 9.5201 9.4866 9.4466 9.4002 9.3486 9.2943 9.2397 9.187 9.1381 9.0942 9.0565 9.0254 9.0013 8.9834 8.97 8.9586 8.9458 8.929 8.9067 8.8796 8.8499 8.8212 8.7966 8.7779 8.7653 8.7575 8.7529 8.7502 8.7489 8.749 8.7509 8.7545 8.7592 8.7637
9.8527 9.8612 9.8506 9.8265 9.7946 9.7597 9.7252 9.693 9.6641 9.6391 9.6189 9.6038 9.5938 9.5884 9.5863 9.5864 9.5879 9.5907 9.5957 9.6038 9.6164 9.634 9.6568 9.684 9.7141 9.7451 9.7744 9.7994 9.8174 9.8258 9.8227 9.8072 9.7791 9.7397 9.6916 9.6382 9.5833 9.5304 9.4821 9.4393 9.4011 9.3651 9.328 9.287 9.2401 9.1871 9.1295 9.0701 9.0118 8.9576 8.9097 8.8697 8.8386 8.8167 8.8038 8.7985 8.7986 8.8008 8.8012 8.7965 8.7849 8.7669 8.745 8.723 8.7043 8.691 8.6834 8.6803 8.6799 8.6808 8.6825 8.6848 8.6883 8.6927 8.6976 8.7016
9.8424 9.8512 9.8407 9.8165 9.7844 9.7494 9.715 9.6831 9.6547 9.6306 9.6112 9.5969 9.5876 9.5827 9.581 9.5815 9.5834 9.5869 9.5926 9.6016 9.615 9.6333 9.6565 9.6837 9.7133 9.7429 9.7698 9.7904 9.8016 9.8005 9.7852 9.7548 9.71 9.6527 9.5863 9.5145 9.4416 9.3716 9.3074 9.2502 9.1993 9.1522 9.1057 9.0565 9.0022 8.9428 8.8799 8.8165 8.7563 8.7027 8.6584 8.6251 8.6036 8.5938 8.5948 8.6048 8.6208 8.639 8.6551 8.6652 8.667 8.6608 8.649 8.6356 8.6241 8.6171 8.6147 8.6161 8.6193 8.623 8.6266 8.6302 8.6341 8.6384 8.6423 8.6449
9.8316 9.8405 9.8301 9.8058 9.7737 9.7388 9.7048 9.6734 9.6459 9.6228 9.6044 9.5911 9.5827 9.5785 9.5775 9.5786 9.5812 9.5855 9.5922 9.6023 9.6166 9.6356 9.6591 9.686 9.7147 9.7424 9.7658 9.781 9.7842 9.772 9.7427 9.6957 9.6326 9.556 9.4697 9.3782 9.286 9.1974 9.1157 9.0424 8.9772 8.9178 8.8608 8.8027 8.7411 8.6756 8.608 8.5419 8.4813 8.4302 8.3918 8.3675 8.3579 8.3623 8.379 8.4059 8.4393 8.4752 8.5086 8.5352 8.5524 8.5599 8.5599 8.5563 8.5529 8.5522 8.555 8.5602 8.5661 8.5716 8.5761 8.5797 8.5831 8.5861 8.5884 8.5887
9.8195 9.8281 9.8175 9.7932 9.7612 9.7265 9.6929 9.6624 9.6358 9.6139 9.5968 9.5848 9.5775 9.5743 9.5742 9.5762 9.5799 9.5853 9.5933 9.6046 9.62 9.6397 9.6634 9.6899 9.7173 9.7427 9.7622 9.7712 9.7652 9.7408 9.6962 9.6316 9.5491 9.4523 9.3454 9.2335 9.1212 9.0131 8.9128 8.8224 8.7418 8.6692 8.6011 8.534 8.4651 8.394 8.3226 8.2547 8.1951 8.1482 8.1172 8.1037 8.1076 8.1274 8.1611 8.2056 8.2574 8.3116 8.3633 8.4077 8.4415 8.4638 8.4766 8.4834 8.4882 8.4937 8.501 8.5092 8.517 8.5232 8.5275 8.5304 8.5324 8.5336 8.5336 8.5312
9.8053 9.8131 9.8021 9.7776 9.7457 9.7114 9.6784 9.6488 9.6235 9.603 9.5875 9.5769 9.5711 9.5693 9.5705 9.5738 9.5788 9.5858 9.5952 9.6079 9.6245 9.6449 9.6688 9.6948 9.7208 9.7435 9.7585 9.7606 9.7449 9.7074 9.6468 9.5638 9.4614 9.3438 9.2161 9.0834 8.9506 8.8226 8.7032 8.595 8.4986 8.4123 8.333 8.257 8.1812 8.1052 8.0308 7.9622 7.9047 7.863 7.8408 7.8392 7.8575 7.8936 7.9448 8.0076 8.0779 8.151 8.2216 8.2843 8.3352 8.3729 8.3988 8.416 8.4287 8.4398 8.4508 8.4611 8.4699 8.4761 8.4797 8.4812 8.4814 8.4805 8.4781 8.473
9.7884 9.7949 9.7831 9.7584 9.7266 9.6928 9.6607 9.6323 9.6085 9.5896 9.5759 9.5673 9.5633 9.5632 9.5661 9.5711 9.5779 9.5867 9.5979 9.6122 9.63 9.6512 9.6752 9.7005 9.7249 9.7446 9.7547 9.7495 9.7233 9.6723 9.5952 9.4934 9.3708 9.2324 9.0837 8.9301 8.7768 8.6286 8.49 8.3639 8.2515 8.1516 8.0614 7.9769 7.8949 7.8146 7.7381 7.6697 7.6151 7.5796 7.5669 7.5779 7.6113 7.6642 7.7333 7.8146 7.9039 7.9961 8.0857 8.1669 8.2351 8.2883 8.327 8.3542 8.3741 8.3901 8.4039 8.4156 8.4246 8.4303 8.4327 8.4326 8.431 8.4282 8.4236 8.416
9.7679 9.7727 9.7601 9.7351 9.7036 9.6705 9.6395 9.6125 9.5905 9.5738 9.5623 9.5559 9.5541 9.5561 9.5612 9.5684 9.5774 9.5883 9.6016 9.6177 9.6368 9.6588 9.6827 9.7072 9.7297 9.7461 9.751 9.738 9.7011 9.6363 9.5425 9.4219 9.2791 9.1198 8.9501 8.7756 8.6017 8.4336 8.2758 8.132 8.0038 7.8908 7.7901 7.6977 7.6102 7.5265 7.4486 7.3811 7.3301 7.3014 7.2988 7.3228 7.3717 7.4418 7.5292 7.6293 7.7377 7.8492 7.958 8.0577 8.143 8.2111 8.2621 8.2986 8.3249 8.3448 8.3606 8.373 8.3817 8.3864 8.3876 8.386 8.3828 8.3783 8.3719 8.3624
9.7434 9.7463 9.7327 9.7075 9.6763 9.6442 9.6146 9.5896 9.5698 9.5555 9.5466 9.5429 9.5437 9.5484 9.556 9.5658 9.5775 9.5909 9.6065 9.6246 9.6451 9.6678 9.6918 9.7153 9.7356 9.7485 9.7479 9.7269 9.6793 9.6006 9.4903 9.351 9.1881 9.0081 8.8175 8.6224 8.4282 8.2402 8.0636 7.9026 7.7594 7.6338 7.5233 7.4239 7.3317 7.2453 7.1668 7.1008 7.0539 7.0323 7.0399 7.0772 7.1417 7.2292 7.3351 7.4544 7.5822 7.7131 7.8409 7.9588 8.0607 8.143 8.2053 8.2502 8.2819 8.3049 8.3219 8.3344 8.3425 8.3462 8.346 8.3431 8.3385 8.3328 8.3251 8.3142
9.7149 9.7157 9.701 9.6756 9.6451 9.6142 9.5864 9.5636 9.5465 9.5351 9.5292 9.5284 9.5323 9.5399 9.5506 9.5635 9.5782 9.5945 9.6128 9.633 9.6552 9.6787 9.7025 9.7249 9.7431 9.7522 9.7461 9.7173 9.6591 9.5671 9.4408 9.2834 9.101 8.9007 8.6896 8.4741 8.26 8.0528 7.8582 7.6806 7.5228 7.3848 7.2645 7.1578 7.0608 6.9721 6.8938 6.8306 6.7891 6.7756 6.794 6.8446 6.9247 7.0296 7.154 7.2925 7.4398 7.59 7.7366 7.872 7.9897 8.0852 8.1578 8.21 8.2463 8.2715 8.2894 8.3016 8.3089 8.3115 8.3103 8.3063 8.3008 8.2941 8.2856 8.2737
9.6829 9.6815 9.6659 9.6405 9.6108 9.5815 9.5558 9.5356 9.5214 9.5132 9.5106 9.5131 9.5203 9.5313 9.5454 9.5617 9.5798 9.5994 9.6206 9.6433 9.6672 9.6915 9.7152 9.7363 9.7521 9.7575 9.7459 9.7096 9.6416 9.5371 9.3958 9.2214 9.0205 8.8009 8.5702 8.3351 8.1018 7.8764 7.6647 7.4713 7.299 7.1478 7.0159 6.8995 6.7961 6.7047 6.6282 6.5705 6.5375 6.5345 6.5654 6.6297 6.7251 6.8468 6.9893 7.1467 7.3132 7.4824 7.6471 7.7993 7.9317 8.0394 8.1213 8.1799 8.2201 8.2472 8.2656 8.2776 8.2841 8.286 8.284 8.2794 8.2734 8.2662 8.2572 8.2446
9.6489 9.6455 9.6291 9.6041 9.5756 9.548 9.5247 9.5073 9.4962 9.4914 9.4922 9.4983 9.5089 9.5234 9.5411 9.5612 9.583 9.6062 9.6305 9.6557 9.6812 9.7062 9.7294 9.7491 9.7622 9.7637 9.7468 9.7035 9.6264 9.5106 9.3559 9.1661 8.9483 8.7108 8.4618 8.2084 7.9573 7.7148 7.4874 7.279 7.0916 6.9217 6.7688 6.6301 6.5112 6.4133 6.3437 6.3017 6.291 6.3087 6.3579 6.4371 6.5474 6.6848 6.8446 7.0202 7.2052 7.3927 7.5748 7.7429 7.889 8.008 8.0985 8.1629 8.2067 8.2357 8.2547 8.2667 8.2731 8.2748 8.2727 8.2681 8.2621 8.2549 8.2457 8.2327
9.6151 9.6101 9.5934 9.5692 9.5421 9.5166 9.4959 9.4814 9.4736 9.4721 9.4764 9.4858 9.4999 9.518 9.5393 9.5632 9.5888 9.6155 9.6429 9.6704 9.6973 9.7224 9.7447 9.7621 9.7719 9.7689 9.7463 9.6961 9.6106 9.4848 9.3184 9.1152 8.8827 8.6293 8.3639 8.094 7.8267 7.5689 7.3275 7.105 6.9016 6.7047 6.5157 6.3338 6.1852 6.0745 6.0204 6.0104 6.0446 6.0993 6.1758 6.2712 6.396 6.5479 6.7238 6.9165 7.119 7.3238 7.5224 7.7055 7.8648 7.9945 8.0932 8.1635 8.211 8.2422 8.2624 8.2749 8.2818 8.2841 8.2827 -9999 -9999 -9999 -9999 -9999
9.5841 9.5782 9.5619 9.539 9.5139 9.4909 9.473 9.4615 9.4568 9.4586 9.4661 9.4787 9.496 9.5173 9.5421 9.5695 9.5986 9.6287 9.6588 9.688 9.7154 9.7397 9.7596 9.7735 9.7783 9.7695 9.7403 9.6827 9.589 9.4541 9.2774 9.0629 8.8179 8.5511 8.2716 7.9874 7.706 7.4347 7.1812 6.9455 6.7259 6.4922 6.2487 5.9394 5.6856 5.4971 5.5273 5.6281 5.7942 5.9066 6.022 6.1351 6.274 6.4392 6.6298 6.8383 7.0572 7.2783 7.4926 7.6902 7.8621 8.0024 8.1095 8.1861 8.238 8.272 8.294 8.3079 8.316 8.3197 -9999 -9999 -9999 -9999 -9999 -9999
9.5581 9.5522 9.5372 9.5165 9.4941 9.4741 9.4591 9.4507 9.4491 9.4537 9.4641 9.4795 9.4995 9.5236 9.5512 9.5817 9.6138 9.6465 9.6785 9.7084 9.735 9.7568 9.7724 9.7803 9.778 9.7611 9.7233 9.6568 9.5542 9.4103 9.2243 9.0001 8.7447 8.467 8.1758 7.8796 7.5863 7.3038 7.04 6.7929 6.5584 6.2868 5.9853 5.4875 4.6458 4.324 4.4994 5.1991 5.5627 5.7402 5.8984 6.0298 6.1826 6.3601 6.5643 6.7874 7.0215 7.258 7.4872 7.6987 7.8831 8.0343 8.1503 8.2337 8.2907 8.3284 8.3529 8.3687 8.3785 8.3841 -9999 -9999 -9999 -9999 -9999 -9999
9.5384 9.5336 9.5209 9.5033 9.4844 9.4679 9.4563 9.4509 9.452 9.4592 9.4719 9.4894 9.5115 9.5378 9.5677 9.6004 9.6347 9.669 9.7017 9.7309 9.7548 9.7718 9.7804 9.7794 9.7667 9.7386 9.6894 9.6118 9.4987 9.345 9.1498 8.9168 8.6527 8.366 8.0656 7.7598 7.4568 7.165 6.8928 6.6367 6.391 6.0896 5.7423 5.0177 3.6272 0 3.4999 4.7661 5.3718 5.6072 5.8044 5.9535 6.1201 6.3098 6.5268 6.7634 7.0116 7.2624 7.5056 7.7305 7.9273 8.0895 8.2148 8.3058 8.3684 8.41 8.4373 8.4551 8.4667 -9999 -9999 -9999 -9999 -9999 -9999 -9999
9.5249 9.5221 9.5126 9.4989 9.4842 9.4717 9.4636 9.4613 9.465 9.4742 9.4887 9.5078 9.5313 9.559 9.5903 9.6244 9.6599 9.6947 9.7266 9.7533 9.7723 9.7817 9.7803 9.7669 9.7404 9.6976 9.6338 9.5423 9.4165 9.2516 9.0467 8.8051 8.5334 8.2395 7.9319 7.6186 7.3081 7.009 6.7303 6.4684 6.2175 5.9069 5.5473 4.7562 2.9108 0 2.8105 4.557 5.2514 5.5174 5.7382 5.9031 6.0832 6.2852 6.5145 6.7635 7.0243 7.2879 7.5441 7.7815 7.9903 8.1633 8.298 8.3966 8.465 8.5105 8.5402 8.5595 8.5722 -9999 -9999 -9999 -9999 -9999 -9999 -9999
9.5164 9.5162 9.5104 9.5012 9.4912 9.483 9.4786 9.4792 9.4851 9.496 9.5116 9.5317 9.556 9.5844 9.6165 9.6512 9.6867 9.7207 9.7503 9.7724 9.784 9.7832 9.7686 9.7398 9.6962 9.6357 9.5543 9.4463 9.3056 9.1278 8.9122 8.662 8.3834 8.0836 7.7706 7.4521 7.1362 6.8318 6.5485 6.2842 6.035 5.7367 5.3998 4.7 3.3672 0 3.3011 4.5673 5.1995 5.4672 5.6952 5.8732 6.0664 6.2809 6.5216 6.7815 7.0531 7.3277 7.595 7.8437 8.0634 8.2466 8.3903 8.4962 8.5699 8.6188 8.6501 8.6698 -9999 -9999 -9999 -9999 -9999 -9999 -9999 -9999
9.5106 9.5133 9.5115 9.507 9.5017 9.4979 9.4971 9.5004 9.508 9.5201 9.5365 9.557 9.5816 9.6102 9.6423 9.6768 9.7115 9.7434 9.7689 9.7843 9.7864 9.7727 9.7424 9.6956 9.6326 9.5521 9.4512 9.3247 9.1674 8.9755 8.7486 8.4898 8.2049 7.9007 7.5842 7.2625 6.9433 6.6356 6.3496 6.0863 5.8447 5.5787 5.2972 4.841 4.0799 3.822 4.0535 4.7857 5.2083 5.45 5.6694 5.858 6.0635 6.2901 6.541 6.8098 7.0898 -9999 -9999 -9999 -9999 -9999 -9999 -9999 -9999 -9999 -9999 -9999 -9999 -9999 -9999 -9999 -9999 -9999 -9999 -9999
