data/Petrone_etal_2016/Sediment_thickness/tbl_sed_thick_glacial_dep_utm22n.asc
ncols         541
nrows         475
xllcorner     534622.5
yllcorner     7445082.5
cellsize      5
NODATA_value  -9999
[rows 198 to 230 of 475, columns 304 to 379 of 541]
8.1413 8.2718 8.4189 8.577 8.7393 8.899 9.0501 9.1878 9.3081 9.4082 9.4852 9.5362 9.5589 9.5518 9.5144 9.447 9.3504 9.2258 9.074 8.8955 8.691 8.4618 8.2101 7.9389 7.652 7.3534 7.0472 6.7374 6.4277 6.1218 5.823 5.5349 5.2601 5.0012 4.7597 4.5369 4.3337 4.1511 3.9906 3.8545 3.7453 3.6655 3.618 3.6046 3.626 3.678 3.7544 3.8449 3.9408 4.0343 4.1233 4.2079 4.291 4.3748 4.4606 4.5489 4.6396 4.7324 4.8266 4.9205 5.0109 5.0931 5.1622 5.2136 5.245 5.2575 5.2491 5.2124 5.1313 4.9911 4.7811 4.5082 4.1966 3.8888 3.6236 3.4278
7.8685 8.0159 8.181 8.3581 8.5402 8.7206 8.8937 9.0551 9.2012 9.3291 9.4359 9.518 9.5722 9.5958 9.5873 9.5466 9.4748 9.3733 9.2434 9.0862 8.9024 8.6934 8.4608 8.2075 7.9368 7.6529 7.3594 7.0602 6.7588 6.4586 6.163 5.8756 5.5997 5.3382 5.0934 4.8668 4.6595 4.4727 4.3081 4.1684 4.0567 3.9762 3.9298 3.9179 3.9385 3.9865 4.0546 4.1344 4.2188 4.303 4.3852 4.4654 4.5447 4.6239 4.7034 4.7831 4.8628 4.9425 5.0221 5.1004 5.1747 5.2406 5.2933 5.3283 5.3435 5.3398 5.3164 5.2673 5.1787 5.0367 4.8299 4.5622 4.2534 3.9412 3.6618 3.4426
7.5936 7.7585 7.942 8.1384 8.3404 8.5414 8.7362 8.9204 9.091 9.2452 9.3799 9.4912 9.5748 9.6272 9.6462 9.631 9.5828 9.5034 9.3948 9.2583 9.0948 8.9054 8.6914 8.4552 8.2 7.9296 7.6477 7.358 7.0639 6.7688 6.476 6.1892 5.9121 5.648 5.3996 5.1688 4.9567 4.7647 4.5945 4.4489 4.3312 4.2451 4.1933 4.1765 4.1925 4.2361 4.3 4.376 4.4573 4.5392 4.6195 4.698 4.7748 4.85 4.9232 4.9942 5.0627 5.1293 5.1941 5.2566 5.3148 5.3647 5.4016 5.4213 5.4214 5.4031 5.3668 5.3091 5.2201 5.0878 4.9012 4.6599 4.3771 4.0816 3.8047 3.5724
7.3209 7.5036 7.7055 7.9211 8.143 8.3644 8.5804 8.7868 8.9807 9.1595 9.3202 9.4582 9.5688 9.6475 9.6915 9.6997 9.6734 9.6148 9.5263 9.4096 9.2657 9.0951 8.8988 8.6787 8.4376 8.1792 7.9071 7.6253 7.3371 7.0461 6.7556 6.4693 6.1911 5.9247 5.673 5.4383 5.2219 5.025 4.8492 4.6972 4.5724 4.4788 4.4195 4.3957 4.4058 4.4449 4.5057 4.58 4.6606 4.7423 4.8224 4.9001 4.9749 5.0464 5.1137 5.1763 5.234 5.2877 5.338 5.3853 5.428 5.4627 5.485 5.4907 5.4776 5.4468 5.3999 5.3368 5.2519 5.1363 4.9799 4.7786 4.5382 4.2772 4.0197 3.7883
7.0541 7.2549 7.4748 7.7093 7.9507 8.1923 8.429 8.6568 8.873 9.075 9.2595 9.4217 9.5563 9.6582 9.7241 9.7529 9.746 9.7062 9.6363 9.5383 9.4129 9.2602 9.0805 8.875 8.6463 8.3979 8.1338 7.858 7.5742 7.286 6.997 6.711 6.4319 6.1636 5.9092 5.6713 5.4512 5.25 5.0693 4.9115 4.7801 4.679 4.6119 4.5808 4.5845 4.6187 4.6762 4.7488 4.8287 4.9103 4.9903 5.0672 5.14 5.2079 5.2697 5.3244 5.3721 5.4137 5.4505 5.4834 5.5116 5.5322 5.5413 5.5349 5.5108 5.47 5.4154 5.3493 5.2705 5.1736 5.0503 4.894 4.7044 4.4903 4.2677 4.0542
6.7942 7.0145 7.2527 7.5058 7.7663 8.0275 8.2843 8.5328 8.7702 8.9939 9.2003 9.3841 9.5396 9.6612 9.7454 9.7914 9.801 9.7776 9.7245 9.6436 9.5353 9.3991 9.2345 9.0421 8.824 8.5837 8.3255 8.0539 7.773 7.4866 7.1985 6.9125 6.6326 6.3628 6.1065 5.8661 5.6432 5.4387 5.2541 5.0914 4.954 4.846 4.7715 4.733 4.7301 4.7589 4.8126 4.8828 4.9613 5.0421 5.1212 5.1967 5.2673 5.3316 5.3881 5.4357 5.4742 5.5047 5.529 5.5487 5.5636 5.5715 5.5691 5.5526 5.52 5.4722 5.4127 5.3457 5.2734 5.1935 5.1005 4.987 4.8488 4.6873 4.5108 4.3309
6.5396 6.784 7.0422 7.3138 7.5926 7.8725 8.1486 8.4169 8.6745 8.9184 9.1446 9.3475 9.5206 9.6584 9.7574 9.8171 9.84 9.8303 9.7916 9.7259 9.6332 9.5119 9.3608 9.1796 8.9702 8.7362 8.4822 8.2133 7.9341 7.6486 7.3609 7.0747 6.7942 6.5235 6.2658 6.0238 5.799 5.5923 5.4048 5.2382 5.0957 4.9815 4.8998 4.854 4.8442 4.8672 4.9165 4.9834 5.0596 5.1385 5.2157 5.2891 5.3568 5.4172 5.4686 5.5094 5.5395 5.56 5.5729 5.5805 5.5832 5.5799 5.5677 5.5432 5.5047 5.4529 5.3915 5.3256 5.2595 5.1938 5.1253 5.0479 4.9555 4.8452 4.7193 4.5832
6.2819 6.5631 6.847 7.1375 7.4335 7.7307 8.0248 8.3117 8.588 8.8504 9.0943 9.3135 9.5013 9.6519 9.7621 9.8322 9.8654 9.8666 9.84 9.7874 9.7083 9.6001 9.4606 9.2889 9.0864 8.8571 8.6059 8.3386 8.06 7.7748 7.487 7.2005 6.9195 6.6481 6.3896 6.1467 5.9209 5.7129 5.5235 5.3541 5.2073 5.0873 4.9988 4.9455 4.9286 4.9454 4.9895 5.0524 5.1253 5.2013 5.2757 5.3459 5.41 5.4662 5.5123 5.5467 5.5689 5.58 5.5824 5.5787 5.5704 5.5572 5.5368 5.5065 5.4645 5.4115 5.3507 5.2877 5.2276 5.173 5.1231 5.0733 5.0177 4.9514 4.8728 4.7828
6.0189 6.3552 6.6722 6.9818 7.2934 7.6057 7.9159 8.2195 8.5126 8.7914 9.0505 9.2833 9.4828 9.6432 9.7617 9.8391 9.8799 9.8897 9.8729 9.8313 9.7636 9.6667 9.537 9.3729 9.1758 8.9497 8.7001 8.4333 8.1546 7.869 7.5806 7.2935 7.0118 6.7397 6.4806 6.2373 6.011 5.8026 5.612 5.4404 5.2898 5.1644 5.0691 5.0084 4.9842 4.9944 5.0329 5.0911 5.1601 5.2324 5.3031 5.3694 5.4292 5.4805 5.521 5.549 5.5635 5.5657 5.5582 5.5441 5.5257 5.5036 5.4766 5.4422 5.3989 5.3468 5.2888 5.2301 5.1761 5.1305 5.0941 5.064 5.0353 5.0029 4.9631 4.9142
5.7542 6.1662 6.5243 6.8524 7.1768 7.5012 7.8248 8.1426 8.45 8.7425 9.0142 9.2578 9.4661 9.6336 9.7578 9.8404 9.8866 9.9027 9.8937 9.8611 9.8031 9.7154 9.5937 9.4357 9.2425 9.0182 8.7691 8.5017 8.2221 7.9352 7.6455 7.3572 7.0743 6.8011 6.5413 6.2974 6.0709 5.8621 5.6708 5.4971 5.3429 5.2122 5.1101 5.0418 5.01 5.0134 5.0461 5.0994 5.164 5.2323 5.2988 5.3606 5.4156 5.4617 5.4965 5.5179 5.5248 5.5185 5.5015 5.4775 5.4498 5.4199 5.3874 5.3504 5.3071 5.2574 5.2035 5.1501 5.1025 5.0648 5.0387 5.0226 5.0126 5.0041 4.9929 4.976
5.5182 6.0114 6.4107 6.7544 7.0879 7.4207 7.7541 8.0827 8.4012 8.7044 8.9856 9.2372 9.4518 9.624 9.752 9.838 9.888 9.9089 9.906 9.8807 9.8306 9.7506 9.6353 9.4819 9.2912 9.0676 8.8177 8.5487 8.2668 7.9776 7.6855 7.3948 7.1098 6.8348 6.5735 6.3286 6.1015 5.8921 5.6997 5.5238 5.3658 5.2294 5.1203 5.0442 5.0048 5.0013 5.0281 5.0764 5.1367 5.2007 5.263 5.3203 5.3705 5.4113 5.4403 5.4551 5.4547 5.4401 5.4141 5.3809 5.3447 5.3079 5.2708 5.2319 5.1894 5.1427 5.0935 5.046 5.0049 4.9747 4.9573 4.9519 4.9552 4.963 4.9713 4.977
5.3427 5.9063 6.338 6.6919 7.0299 7.3668 7.7059 8.0412 8.3671 8.6773 8.9649 9.2217 9.4403 9.6154 9.7456 9.8338 9.8864 9.9109 9.9129 9.8934 9.8498 9.7759 9.6658 9.5159 9.3266 9.1027 8.8509 8.5789 8.2936 8.0006 7.7046 7.4102 7.1217 6.8436 6.5798 6.333 6.1045 5.8938 5.6997 5.521 5.3587 5.2162 5.0996 5.0155 4.9682 4.9576 4.9784 5.0218 5.0779 5.1379 5.1962 5.2493 5.2949 5.3308 5.3544 5.3631 5.3557 5.3332 5.2988 5.2572 5.2131 5.17 5.1288 5.0884 5.0469 5.0032 4.9588 4.917 4.8826 4.8598 4.8506 4.8544 4.8682 4.8879 4.9098 4.9308
5.2691 5.8677 6.3117 6.6677 7.0048 7.3414 7.6816 8.0192 8.3482 8.6618 8.9524 9.2118 9.4322 9.6086 9.7399 9.8292 9.8836 9.9108 9.9165 9.9018 9.8634 9.7948 9.689 9.5417 9.3533 9.1282 8.8738 8.5979 8.3079 8.0097 7.7083 7.4085 7.1149 6.8323 6.5647 6.3145 6.0828 5.8687 5.6704 5.4867 5.3183 5.1692 5.0457 4.9547 4.9009 4.8843 4.8998 4.9384 4.9902 5.0465 5.1011 5.1505 5.1921 5.2237 5.2424 5.2455 5.2317 5.2019 5.1596 5.11 5.0588 5.0098 4.9648 4.9227 4.8818 4.8408 4.8006 4.7643 4.7364 4.7209 4.7199 4.7325 4.7558 4.7856 4.8182 4.8506
5.3096 5.8997 6.3331 6.6822 7.0133 7.3453 7.6821 8.0175 8.3452 8.6583 8.9487 9.2079 9.4282 9.6045 9.7359 9.8256 9.881 9.91 9.9185 9.9076 9.8736 9.8093 9.7073 9.5625 9.3747 9.1486 8.8913 8.6111 8.3155 8.0112 7.7032 7.3968 7.0968 6.8084 6.5351 6.2789 6.0396 5.8162 5.6073 5.4129 5.2354 5.0801 4.9534 4.8608 4.8056 4.7868 4.799 4.8333 4.8807 4.9329 4.984 5.0299 5.0681 5.0959 5.1102 5.1081 5.0882 5.0514 5.0015 4.9444 4.8861 4.8314 4.7823 4.7383 4.6973 4.6582 4.6215 4.5901 4.5683 4.5599 4.5668 4.5881 4.6206 4.6599 4.7022 4.7444
5.4645 5.9996 6.4005 6.7348 7.0552 7.3789 7.708 8.0369 8.3591 8.6677 8.9546 9.2109 9.4291 9.6039 9.7343 9.8236 9.8793 9.9094 9.9198 9.9118 9.8814 9.821 9.7224 9.5802 9.3937 9.167 8.9074 8.6233 8.3225 8.0118 7.697 7.3833 7.0764 6.7813 6.5007 6.2343 5.9782 5.7295 5.4893 5.2649 5.0677 4.9078 4.7911 4.7169 4.6801 4.6725 4.6874 4.7186 4.761 4.8083 4.8552 4.8974 4.932 4.9559 4.9657 4.9583 4.932 4.888 4.8304 4.7655 4.7001 4.6393 4.5856 4.5386 4.4967 4.4584 4.4243 4.3971 4.3807 4.3789 4.3932 4.4226 4.4637 4.5121 4.5634 4.6147
5.6977 6.1523 6.5091 6.8232 7.1298 7.4418 7.7597 8.0779 8.3907 8.6911 8.971 9.2217 9.4356 9.6072 9.7355 9.8236 9.8787 9.9092 9.9208 9.9149 9.8873 9.8302 9.7352 9.596 9.4115 9.1854 8.9249 8.6383 8.3335 8.0175 7.6964 7.376 7.0626 6.7609 6.4718 6.1888 5.8998 5.5966 5.2889 5.0026 4.7708 4.6128 4.5329 4.5129 4.5279 4.5523 4.5791 4.6084 4.6448 4.6856 4.7269 4.7643 4.7943 4.8134 4.8178 4.8041 4.7706 4.7185 4.6524 4.5789 4.5055 4.4377 4.3784 4.3275 4.2833 4.2447 4.212 4.1879 4.1759 4.1797 4.2004 4.237 4.2858 4.3422 4.4018 4.4613
5.9762 6.3429 6.6532 6.9445 7.2351 7.5328 7.8362 8.1406 8.4403 8.7289 8.9985 9.2408 9.4479 9.6146 9.7394 9.8252 9.8792 9.9092 9.9213 9.9167 9.8913 9.8373 9.7456 9.6099 9.4285 9.2047 8.9451 8.658 8.3512 8.0319 7.7064 7.3811 7.0626 6.7556 6.458 6.1539 5.816 5.426 4.97 4.5085 4.1483 4.0001 4.0618 4.2133 4.3571 4.4389 4.4878 4.5162 4.5452 4.5771 4.6108 4.6412 4.6647 4.6772 4.6744 4.6528 4.6104 4.5488 4.4728 4.3896 4.3069 4.2308 4.1646 4.1082 4.0605 4.0202 3.9878 3.9654 3.9566 3.9644 3.9902 4.0324 4.0875 4.1505 4.217 4.2835
6.2628 6.5556 6.826 7.0945 7.3678 7.6491 7.9358 8.2235 8.5072 8.7809 9.0372 9.2681 9.4662 9.6259 9.7456 9.8281 9.88 9.909 9.921 9.9171 9.8935 9.842 9.7537 9.622 9.4446 9.2244 8.9678 8.6825 8.3763 8.0563 7.7292 7.4015 7.0804 6.7702 6.4655 6.1388 5.7452 5.2128 4.5132 3.5698 2.8375 2.7439 3.2506 3.87 4.1971 4.3486 4.4246 4.4513 4.4709 4.4914 4.5147 4.5357 4.55 4.5534 4.5412 4.5094 4.4564 4.3835 4.2961 4.2015 4.1081 4.0222 3.9474 3.8842 3.8314 3.7881 3.7545 3.7326 3.7254 3.7359 3.7649 3.811 3.8704 3.9383 4.01 4.0818
6.5468 6.7833 7.0218 7.2685 7.5237 7.787 8.0552 8.3242 8.5897 8.8459 9.0863 9.3033 9.4898 9.6404 9.7536 9.8316 9.8807 9.9082 9.9196 9.916 9.8935 9.8443 9.7593 9.6316 9.459 9.2437 8.9918 8.7107 8.4077 8.09 7.7642 7.4372 7.1164 6.8058 6.4976 6.1551 5.7186 5.0617 3.8536 2.4622 0 0 2.5015 3.5515 4.0845 4.2979 4.3966 4.4184 4.4259 4.4324 4.4426 4.4512 4.4536 4.4452 4.4211 4.3771 4.3114 4.2257 4.1253 4.018 3.9122 3.8148 3.7298 3.6582 3.5991 3.5516 3.5156 3.4929 3.4861 3.4976 3.5281 3.5761 3.6378 3.7084 3.7833 3.8585
6.823 7.0219 7.2353 7.4616 7.698 7.9421 8.1905 8.4395 8.685 8.9219 9.1443 9.3451 9.5179 9.6576 9.7626 9.835 9.8806 9.906 9.9165 9.913 9.8914 9.8441 9.7622 9.6387 9.4712 9.2618 9.016 8.7409 8.4436 8.131 7.8096 7.4864 7.1689 6.861 6.554 6.2068 5.7541 5.0194 3.684 0 0 0 2.0345 3.4045 4.0614 4.302 4.4069 4.4178 4.4102 4.4004 4.3949 4.3884 4.3762 4.3535 4.3152 4.2571 4.1772 4.0771 3.962 3.8397 3.719 3.6073 3.5092 3.4265 3.3589 3.3057 3.2667 3.243 3.2364 3.2489 3.2806 3.3298 3.3927 3.4646 3.541 3.6181
7.098 7.2707 7.4625 7.6688 7.8857 8.1098 8.3376 8.5655 8.7899 9.0062 9.209 9.392 9.5494 9.6765 9.772 9.8378 9.8791 9.9022 9.9117 9.908 9.8872 9.8416 9.7625 9.6432 9.4811 9.2781 9.0395 8.772 8.4826 8.1777 7.8636 7.5472 7.2359 6.9338 6.6335 6.2968 5.8626 5.1926 3.9586 2.4859 0 0 2.1103 3.5084 4.149 4.3687 4.4559 4.4486 4.4226 4.3945 4.371 4.3471 4.3179 4.2787 4.2244 4.1505 4.0549 3.9385 3.806 3.665 3.5244 3.3928 3.2761 3.1778 3.0986 3.0381 2.9957 2.9718 2.9673 2.9829 3.0181 3.0704 3.1356 3.209 3.2862 3.3637
7.3746 7.5271 7.699 7.8855 8.0823 8.2856 8.4921 8.6984 8.9009 9.0957 9.278 9.442 9.5827 9.696 9.7809 9.8393 9.876 9.8966 9.9048 9.901 9.8808 9.8368 9.7605 9.6453 9.4887 9.2927 9.0623 8.804 8.5244 8.2296 7.9256 7.6188 7.3163 7.0228 6.7338 6.4191 6.0313 5.4796 4.739 3.6477 2.4937 0 2.8423 3.8585 4.3436 4.4961 4.5427 4.5104 4.4633 4.4152 4.372 4.3286 4.2805 4.223 4.1509 4.0597 3.9462 3.8102 3.6545 3.4857 3.313 3.1478 2.9994 2.8753 2.778 2.708 2.6635 2.6433 2.6469 2.6735 2.7209 2.7843 2.858 2.9361 3.0148 3.0916
7.6551 7.7889 7.941 8.1074 8.2835 8.4658 8.6506 8.8347 9.015 9.1878 9.3488 9.4932 9.6164 9.7152 9.7889 9.8394 9.8712 9.889 9.8961 9.892 9.8725 9.83 9.7564 9.6455 9.4949 9.3065 9.0855 8.838 8.5702 8.2879 7.9965 7.7019 7.4109 7.1286 6.854 6.5687 6.2425 5.838 5.3435 4.7351 3.9513 3.6852 3.833 4.3709 4.6139 4.6739 4.666 4.6045 4.5346 4.4655 4.4011 4.3368 4.2682 4.1908 4.0994 3.9887 3.854 3.6923 3.5029 3.2909 3.0671 2.8492 2.6533 2.4929 2.3731 2.2937 2.2496 2.2369 2.254 2.2987 2.3674 2.4517 2.543 2.6321 2.7145 2.7884
7.9372 8.0524 8.1849 8.3308 8.4861 8.6469 8.8098 8.9717 9.1295 9.28 9.4195 9.5438 9.6492 9.7332 9.7954 9.838 9.8648 9.8799 9.8858 9.8816 9.8627 9.8218 9.7512 9.6449 9.5009 9.3213 9.111 8.876 8.6221 8.3546 8.0783 7.7985 7.5214 7.2527 6.9942 6.7377 6.4686 6.1637 5.8337 5.4612 5.1497 4.919 4.8713 4.882 4.9202 4.8882 4.8244 4.7331 4.6398 4.5493 4.4631 4.3768 4.2867 4.1882 4.076 3.9432 3.7816 3.5839 3.3441 3.0673 2.7555 2.4405 2.15 1.9334 1.7904 1.7135 1.6763 1.6724 1.712 1.7939 1.9164 2.0458 2.1695 2.2724 2.3588 2.4264
8.2174 8.3142 8.427 8.5525 8.6868 8.8262 8.9672 9.1067 9.2421 9.3703 9.4882 9.5925 9.6801 9.7494 9.8004 9.8352 9.8572 9.8698 9.8747 9.8704 9.8523 9.8133 9.746 9.645 9.5087 9.3391 9.1412 8.9205 8.6825 8.4319 8.1729 7.9103 7.6494 7.3963 7.1549 6.9238 6.6977 6.4651 6.2267 5.9881 5.7728 5.5888 5.4461 5.3301 5.2313 5.1274 5.0161 4.8974 4.7816 4.6698 4.5617 4.4535 4.3415 4.2214 4.0871 3.9296 3.7348 3.4884 3.1796 2.8042 2.3667 1.8375 1.3959 1.0919 0.98903 0.93923 0.91713 0.91761 0.95144 1.0984 1.3098 1.5456 1.7156 1.8433 1.9389 1.9962
8.4913 8.5702 8.6639 8.7693 8.8829 9.001 9.1203 9.2377 9.3508 9.457 9.5537 9.6383 9.7087 9.7638 9.8041 9.8316 9.8491 9.8594 9.8634 9.8592 9.8421 9.8054 9.7422 9.6475 9.5201 9.3622 9.1783 8.9737 8.7534 8.5215 8.2816 8.0379 7.7954 7.5596 7.3357 7.1251 6.9272 6.7366 6.5505 6.3654 6.1849 6.0097 5.8439 5.6847 5.5328 5.3838 5.2386 5.0965 4.9598 4.8278 4.6987 4.5693 4.4359 4.2945 4.1376 3.9539 3.7198 3.4137 3.0034 2.4903 1.8267 1.1532 0 0 0 0 0 0 0 0 0.65445 0.92016 1.1358 1.3185 1.4098 1.4522
8.7546 8.8167 8.892 8.978 9.0715 9.1688 9.2668 9.3626 9.4539 9.5387 9.6148 9.6806 9.7346 9.7764 9.8068 9.8276 9.8412 9.8494 9.8528 9.8489 9.8332 9.7993 9.7409 9.6538 9.5368 9.392 9.2237 9.0368 8.8355 8.6235 8.404 8.1806 7.9578 7.7409 7.535 7.3429 7.1651 6.9988 6.8397 6.6818 6.5207 6.3537 6.1815 6.0055 5.8293 5.656 5.4884 5.327 5.1716 5.0208 4.8724 4.7233 4.5701 4.4086 4.2299 4.0203 3.7465 3.38 2.8516 2.0771 1.2381 0 0 0 0 0 0 0 0 0 0 0 0.55251 0.69622 0.75759 0.78041
9.0024 9.0493 9.1077 9.1754 9.2496 9.327 9.4044 9.4793 9.5497 9.6139 9.6707 9.7188 9.7577 9.7874 9.8089 9.8239 9.834 9.8405 9.8433 9.84 9.8259 9.7955 9.743 9.6645 9.5592 9.429 9.2776 9.1094 8.928 8.7367 8.5382 8.3358 8.1337 7.9368 7.7497 7.5755 7.4147 7.2651 7.1217 6.9779 6.8278 6.6674 6.496 6.3154 6.1299 5.944 5.7614 5.584 5.4119 5.2441 5.0785 4.912 4.741 4.5614 4.3631 4.1304 3.8225 3.4075 2.7589 1.7589 0 0 0 0 0 0 0 0 0 0 0 0 0 0 0 0
9.2288 9.2627 9.3061 9.3573 9.4137 9.4723 9.5303 9.5855 9.6362 9.6814 9.7202 9.7524 9.7779 9.797 9.8109 9.8207 9.8279 9.8329 9.8353 9.8325 9.8204 9.7939 9.7481 9.6793 9.5868 9.4721 9.3384 9.1895 9.0285 8.858 8.6808 8.4998 8.3189 8.1427 7.9754 7.8197 7.6759 7.5415 7.4115 7.2793 7.1384 6.9844 6.8157 6.6338 6.4429 6.2479 6.0534 5.8621 5.6752 5.4923 5.3116 5.1301 4.9441 4.7489 4.534 4.2834 3.9541 3.5154 2.8205 1.6344 0 0 0 0 0 0 0 0 0 0 0 0 0 0 0 0
9.4279 9.4513 9.4821 9.519 9.5596 9.6013 9.6417 9.6789 9.7118 9.7398 9.7629 9.7812 9.7952 9.8054 9.8129 9.8185 9.823 9.8266 9.8284 9.8262 9.8161 9.7939 9.7551 9.6966 9.6175 9.5189 9.4033 9.2739 9.1333 8.9838 8.8278 8.6682 8.5087 8.3536 8.2068 8.0704 7.9443 7.8257 7.7094 7.5887 7.4571 7.3097 7.1444 6.9624 6.7674 6.5648 6.3598 6.1563 5.9564 5.7604 5.5668 5.3727 5.1741 4.9661 4.7383 4.4757 4.1391 3.7032 3.0385 2.0158 0 0 0 0 0 0 0 0 0 0 0 0 0 0 0 0
9.5944 9.61 9.631 9.6563 9.6837 9.7109 9.736 9.7576 9.775 9.7884 9.7983 9.8051 9.8097 9.8127 9.8149 9.8168 9.8189 9.821 9.822 9.8201 9.8119 9.7939 9.7622 9.7141 9.6485 9.566 9.4686 9.3585 9.2382 9.1094 8.9746 8.8363 8.6983 8.5646 8.4386 8.3221 8.2144 8.1125 8.0108 7.9025 7.7808 7.6407 7.4796 7.2981 7.0999 6.8908 6.6766 6.4623 6.2511 6.0438 5.8393 5.6348 5.426 5.2078 4.9705 4.7015 4.3706 3.9602 3.4031 2.6212 1.8973 1.3619 1.1446 1.0053 0.90162 0.82005 0.74353 0.66067 0.56245 0.4428 0.30949 0.17003 0 0 0 0
9.7253 9.7356 9.7496 9.7661 9.7833 9.799 9.8118 9.8206 9.8255 9.8272 9.8265 9.8244 9.8216 9.8189 9.8168 9.8155 9.8152 9.8154 9.8153 9.8132 9.8065 9.7922 9.7672 9.729 9.6765 9.6097 9.53 9.4391 9.3387 9.2305 9.1166 8.9996 8.8831 8.7708 8.6658 8.5694 8.4806 8.3958 8.3092 8.2139 8.1029 7.9709 7.8147 7.6348 7.4348 7.2206 6.999 6.7758 6.555 6.3382 6.1248 5.9117 5.6947 5.4684 5.2244 4.9528 4.634 4.2581 3.8024 3.3048 2.8037 2.3879 2.0657 1.8381 1.6604 1.5149 1.3763 1.2241 1.0292 0.78465 0.48948 0.23485 0.070243 0.013892 0 0
9.8206 9.8278 9.8373 9.848 9.8579 9.8653 9.8688 9.8681 9.8637 9.8565 9.848 9.8392 9.831 9.8239 9.8182 9.814 9.8111 9.8093 9.8076 9.8048 9.799 9.7877 9.7685 9.7393 9.6988 9.6469 9.5841 9.5117 9.4309 9.3429 9.2498 9.154 9.0588 8.9678 8.8836 8.8072 8.7371 8.6693 8.598 8.5159 8.4161 8.2928 8.1426 7.9657 7.7654 7.5482 7.3213 7.0913 6.863 6.6387 6.4179 6.1979 5.9743 5.7417 5.493 5.2208 4.9151 4.5722 4.1946 3.8007 3.4111 3.0514 2.7362 2.4737 2.2555 2.068 1.8863 1.6842 1.4145 0.97594 0.52328 0 0 0 0 0
