data/Petrone_etal_2016/Sediment_thickness/tbl_sed_thick_eo_lake_dep_wgs84.asc
ncols         866
nrows         297
xllcorner     -50.201966770779
yllcorner     67.120582669113
cellsize      7.2870550417999e-005
NODATA_value  -9999
[rows 102 to 135 of 297, columns 539 to 615 of 866]
0.32073 0.30116 0.28337 0.28337 0.26526 0.24671 0.24671 0.23058 0.21706 0.21706 0.20479 0.20479 0.18899 0.17521 0.1923 0.18638 0.18367 0.18367 0.18327 0.18327 0.17392 0.16344 0.16344 0.15193 0.13689 0.13689 0.11421 0.090678 0.090678 0.06476 0.06476 0 0 0 0 0 0 0 0 0 0 0 0 0 0 0 0 0 0 0 -9999 -9999 -9999 -9999 -9999 -9999 -9999 -9999 -9999 -9999 -9999 0 0 0 0 0 0 0 0 0 -9999 -9999 -9999 -9999 -9999 -9999 -9999
0.30512 0.28605 0.26879 0.26879 0.2516 0.23412 0.23412 0.21888 0.20033 0.20033 0.18298 0.18298 0.16179 0.14278 0.14278 0.12519 0.11623 0.11623 0.10929 0.10929 0.10106 0.092364 0.092364 0 0 0 0 0 0 0 0 0 0 0 0 0 0 0 0 0 0 0 0 0 0 0 0 0 0 0 0 0 0 0 0 0 0 0 0 0 0 0 0 0 0 0 0 0 0 0 0 0 0 -9999 -9999 -9999 -9999
0.21296 0.19805 0.18493 0.18493 0.16684 0.14932 0.14932 0.13388 0.11484 0.11484 0.09676 0.09676 0 0 0 0 0 0 0 0 0 0 0 0 0 0 0 0 0 0 0 0 0 0 0 0 0 0 0 0 0 0 0 0 0 0 0 0 0 0 0 0 0 0 0 0 0 0 0 0 0 0 0 0 0 0 0 0 0 0 0 0 0 0 0 -9999 -9999
0.13864 0.13864 0.12893 0.12893 0.11421 0.10013 0.10013 0 0 0 0 0 0 0 0 0 0 0 0 0 0 0 0 0 0 0 0 0 0 0 0 0 0 0 0 0 0 0 0 0 0 0 0 0 0 0 0 0 0 0 0 0 0 0 0 0 0 0 0 0 0 0 0 0 0 0 0 0 0 0 0 0 0 0 0 0 0
0 0 0 0 0 0 0 0 0 0 0 0 0 0 0 0 0 0 0 0 0 0 0 0 0 0 0 0 0 0 0 0 0 0 0 0 0 0 0 0 0 0 0 0 0 0 0 0 0 0 0 0 0 0 0 0 0 0 0 0 0 0 0 0 0 0 0 0 0 0 0 0 0 0 0 0 0
0 0 0 0 0 0 0 0 0 0 0 0 0 0 0 0 0 0 0 0 0 0 0 0 0 0 0 0 0 0 0 0 0 0 0 0 0 0 0 0 0 0 0 0 0 0 0 0 0 0 0 0 0 0 0 0 0 0 0 0 0 0 0 0 0 0 0 0 0 0 0 0 0 0 0 0 0.30172
0 0 0 0 0 0 0 0 0 0 0 0 0 0 0 0 0 0 0 0 0 0 0 0 0 0 0 0 0 0 0 0 0 0 0 0 0 0 0 0 0 0 0 0 0 0 0 0 0 0 0 0 0 0 0 0 0 0 0 0 0 0 0 0 0 0 0 0 0 0 0 0 0.21901 0.30737 0.30737 0.39035 0.45825
0 0 0 0 0 0 0 0 0 0 0 0 0 0 0 0 0 0 0 0 0 0 0 0 0 0 0 0 0 0 0 0 0 0 0 0 0 0 0 0 0 0 0 0 0 0 0 0 0 0 0 0 0 0 0 0 0 0 0 0 0 0 0 0 0 0 0 0 0 0 0.23174 0.23174 0.32033 0.40301 0.40301 0.47702 0.53114
0 0 0 0 0 0 0 0 0 0 0 0 0 0 0 0 0 0 0 0 0 0 0 0 0 0 0 0 0 0 0 0 0 0 0 0 0 0 0 0 0 0 0 0 0 0 0 0 0 0 0 0 0 0 0 0 0 0 0 0 0 0 0 0 0 0 0 0.25871 0.33501 0.33501 0.41921 0.41921 0.4956 0.55957 0.55957 0.6082 0.64142
0 0 0 0 0 0 0 0 0 0 0 0 0 0 0 0 0 0 0 0 0 0 0 0 0 0 0 0 0 0 0 0 0 0 0 0 0 0 0 0 0 0 0 0 0 0 0 0 0 0 0 0 0 0 0 0 0 0 0 0 0.19279 0.19279 0.24231 0.24231 0.30919 0.37412 0.37412 0.43428 0.49702 0.49702 0.56205 0.61345 0.61345 0.65911 0.65911 0.69864 0.72169
0 0 0 0 0 0 0 0 0 0 0 0 0 0 0 0 0 0 0 0 0 0 0 0 0 0 0 0 0 0 0 0 0 0 0 0 0 0 0 0 0 0 0 0 0 0 0 0 0 0 0 0 0 0 0 0 0 0.15874 0.15874 0.22063 0.28145 0.28145 0.33997 0.33997 0.40205 0.45997 0.45997 0.51035 0.56043 0.56043 0.61008 0.65669 0.65669 0.69719 0.69719 0.7317 0.75045
0 0 0 0 0 0 0 0 0 0 0 0 0 0 0 0 0 0 0 0 0 0 0 0 0 0 0 0 0 0 0 0 0 0 0 0 0 0 0 0 0 0 0 0 0 0 0 0 0 0 0 0 0.11382 0.11382 0.18426 0.18426 0.26423 0.33107 0.33107 0.39021 0.44245 0.44245 0.48661 0.52853 0.52853 0.57025 0.57025 0.61061 0.64939 0.64939 0.68655 0.72069 0.72069 0.75002 0.75002 0.77531 0.78863
0 0 0 0 0 0 0 0 0 0 0 0 0 0 0 0 0 0 0 0 0 0 0 0 0 0 0 0 0 0 0 0 0 0 0 0 0 0 0 0 0 0 0 0 0 0 0 0 0 0 0 0 0.27081 0.27081 0.34519 0.34519 0.4242 0.48456 0.48456 0.52969 0.57038 0.57038 0.60645 0.63732 0.63732 0.66552 0.66552 0.69154 0.71511 0.71511 0.73646 0.75607 0.74109 0.76433 0.76433 0.78506 0.79676
0 0 0 0 0 0 0.035504 0.035504 0.052595 0.052595 0.062843 0.069917 0.069917 0 0 0 0 0 0 0 0 0 0 0 0 0 0 0 0 0 0 0 0 0 0 0 0 0 0 0 0 0 0 0 0 0 0 0 0 0.18274 0.18274 0.26099 0.33759 0.33759 0.40906 0.40906 0.48238 0.54241 0.54241 0.58529 0.62235 0.62235 0.65365 0.67891 0.67891 0.70063 0.70063 0.71987 0.73646 0.73646 0.75064 0.76377 0.76377 0.77587 0.78843 0.78843 0.79825
0 0 0 0 0 0.02076 0.035504 0.035504 0.058446 0.058446 0.075074 0.088926 0.088926 0.09124 0.090843 0.090843 0 0 0 0 0 0 0 0 0 0 0 0 0 0 0 0 0 0 0 0 0 0 0 0 0 0 0 0 0 0 0.19861 0.19861 0.2717 0.3444 0.3444 0.4158 0.48102 0.48102 0.5359 0.58678 0.58678 0.63134 0.63134 0.66744 0.69626 0.69626 0.71815 0.73322 0.73322 0.7439 0.7439 0.75137 0.7559 0.7559 0.75795 0.7597 0.7597 0.76221 0.76717 0.76717 0.77402
0 0 0 0 0 0 0 0 0 0 0 0.081983 0.081983 0.1042 0.12493 0.12493 0.1323 0.13874 0.13874 0.13055 0.13055 0.12023 0 0 0 0 0 0 0 0 0 0 0 0 0 0.14747 0.16076 0.16076 0.17597 0.17597 0.18575 0.20949 0.20949 0.24757 0.2925 0.2925 0.34555 0.34555 0.40595 0.46241 0.46241 0.51332 0.56377 0.56377 0.61124 0.65395 0.65395 0.6637 0.6637 0.69527 0.71934 0.71934 0.73646 0.74674 0.74674 0.75256 0.75256 0.75501 0.75464 0.75464 0.752 0.74945 0.74945 0.7483 0.75025 0.75025 0.75544
0 0 0 0 0 0 0 0 0 0 0 0 0 0 0.11689 0.11689 0.14165 0.16661 0.16661 0.17785 0.17785 0.18079 0.1641 0.1641 0.15296 0 0 0 0 0 0 0 0.18172 0.20426 0.20426 0.22793 0.24258 0.24258 0.2596 0.2596 0.2718 0.29894 0.29894 0.33058 0.36747 0.36747 0.41111 0.46056 0.46056 0.50423 0.50423 0.55058 0.59646 0.59646 0.63904 0.6766 0.6766 0.70678 0.70678 0.72836 0.74311 0.74311 0.7518 0.75428 0.75428 0.75273 0.74793 0.74793 0.7406 0.7406 0.73107 0.72228 0.72228 0.71577 0.71319 0.71319 0.71488
0 0 0 0 0 0 0 0 0 0 0 0 0 0 0 0 0 0.10942 0.10942 0.14969 0.14969 0.20152 0.23498 0.23498 0.2678 0.30175 0.30175 0.32136 0.33253 0.33253 0.35147 0.35147 0.36988 0.38582 0.38582 0.40132 0.40717 0.40717 0.41498 0.41498 0.42559 0.44083 0.44083 0.45864 0.47927 0.47927 0.50509 0.53517 0.53517 0.568 0.568 0.60288 0.63696 0.63696 0.66688 0.69154 0.69154 0.70929 0.70929 0.71924 0.72374 0.72374 0.72403 0.71954 0.71954 0.71187 0.70188 0.70188 0.69025 0.69025 0.67712 0.66562 0.66562 0.65729 0.65349 0.65349 0.65412
0.25266 0.25266 0 0 0 0 0 0 0 0 0 0 0 0 0 0 0 0 0 0 0 0 0 0 0.34615 0.43517 0.43517 0.49041 0.50519 0.50519 0.51633 0.51633 0.52466 0.52803 0.52803 0.52807 0.52734 0.52734 0.52714 0.52714 0.5282 0.5322 0.5322 0.50198 0.51626 0.51626 0.5355 0.55894 0.55894 0.58496 0.58496 0.61276 0.6397 0.6397 0.66225 0.67957 0.67957 0.69051 0.69051 0.69455 0.69402 0.69402 0.69021 0.68248 0.68248 0.67203 0.65974 0.65974 0.64638 0.64638 0.63217 0.6201 0.6201 0.6117 0.60807 0.60807 0.60873
0.33993 0.27987 0.27987 0.23967 0.23967 0 0.19805 0.19805 0.18271 0 0 0 0 0 0 0 0 0 0 0 0 0 0 0 0.40122 0.49336 0.49336 0.5515 0.56813 0.56813 0.57987 0.57987 0.58727 0.58856 0.58856 0.58509 0.58003 0.58003 0.57468 0.56995 0.56995 0.56727 0.56727 0.56579 0.56569 0.56569 0.57055 0.57983 0.57983 0.59236 0.59236 0.60598 0.61855 0.61855 0.62628 0.62886 0.62886 0.62559 0.61739 0.61739 0.60608 0.60608 0.59299 0.57762 0.57762 0.56056 0.54241 0.54241 0.52516 0.52516 0.50912 0.49679 0.49679 0.48945 0.48767 0.48767 0.48965
0.49468 0.45643 0.45643 0.43693 0.43693 0.42231 0.40136 0.40136 0.3844 0.3839 0.3839 0.35901 0.35901 0.33716 0.33008 0.33008 0.30536 0.30324 0.30324 0 0.39709 0.39709 0.45689 0.45689 0.53802 0.6004 0.6004 0.64268 0.66036 0.66036 0.67174 0.67174 0.67633 0.67293 0.67293 0.66264 0.64945 0.64945 0.63511 0.62102 0.62102 0.60803 0.60803 0.59613 0.58559 0.58559 0.57993 0.57868 0.57868 0.58112 0.58112 0.58377 0.58496 0.58496 0.58073 0.57098 0.57098 0.55517 0.5197 0.5197 0.46691 0.46691 0.41537 0.36502 0.36502 0.31626 0.28552 0.28552 0.27359 0.27359 0.27451 0.27831 0.39183 0.39775 0.4085 0.4085 0.42221
0.58195 0.5601 0.5601 0.5445 0.5445 0.53408 0.52932 0.52932 0.52764 0.52886 0.52886 0.53412 0.53412 0.54327 0.55593 0.55593 0.5524 0.57207 0.57207 0.59243 0.61177 0.61177 0.62962 0.62962 0.66628 0.68208 0.68208 0.69722 0.68955 0.68955 0.69868 0.70053 0.70053 0.69418 0.69418 0.68089 0.66463 0.66463 0.64727 0.63045 0.63045 0.61461 0.61461 0.59987 0.58648 0.58648 0.57779 0.57336 0.57336 0.57269 0.57187 0.57187 0.56919 0.56919 0.56069 0.54628 0.54628 0.52549 0.47015 0.47015 0.39917 0.39917 0.33104 0 0 0 0 0 0 0 0 0 0 0.18817 0.19987 0.19987 0.21293
0.61712 0.5962 0.5962 0.58215 0.58215 0.57421 0.57213 0.57213 0.57309 0.57696 0.57696 0.58403 0.59415 0.59415 0.60714 0.60714 0.62387 0.64165 0.64165 0.65914 0.67428 0.67428 0.68651 0.68651 0.69597 0.70502 0.70502 0.71322 0.71772 0.71772 0.71742 0.71124 0.71124 0.69858 0.69858 0.68086 0.66159 0.66159 0.64264 0.62493 0.62493 0.6083 0.6083 0.59266 0.57812 0.57812 0.56727 0.56 0.56 0.5559 0.55084 0.55084 0.54298 0.54298 0.52869 0.5079 0.5079 0.48053 0.39051 0.39051 0.2881 0.2881 0 0 0 0 0 0 0 0 0 0 0 0 0 0 0
0.6721 0.65031 0.65031 0.636 0.636 0.62959 0.63005 0.63005 0.63494 0.64354 0.64354 0.65474 0.6678 0.6678 0.68264 0.68264 0.69864 0.71319 0.71319 0.72559 0.73349 0.73349 0.73626 0.73626 0.73511 0.73223 0.73223 0.728 0.72106 0.72106 0.71094 0.69702 0.69702 0.67987 0.67987 0.6606 0.64172 0.64172 0.62493 0.61008 0.61008 0.59633 0.59633 0.58294 0.56988 0.56988 0.55874 0.55012 0.55012 0.54393 0.53636 0.53636 0.52579 0.52579 0.50919 0.48608 0.48608 0.46545 0.37365 0.37365 0.27382 0 0 0 0 0 0 0 0 0 0 0 0 0 0 0 0
0.71157 0.68645 0.68645 0.66807 0.65848 0.65848 0.6564 0.6564 0.66056 0.66982 0.66982 0.68225 0.69607 0.68664 0.70218 0.70218 0.71782 0.73107 0.73107 0.74159 0.74694 0.74694 0.74648 0.74175 0.74175 0.73474 0.73474 0.72618 0.7154 0.7154 0.70205 0.68572 0.68572 0.66764 0.66764 0.64873 0.63094 0.63094 0.61597 0.60321 0.60321 0.59147 0.5797 0.5797 0.5678 0.5678 0.55683 0.5479 0.5479 0.54112 0.53296 0.53296 0.52205 0.52205 0.50575 0.48324 0.48324 0.45474 0.39507 0.39507 0.32493 0.24681 0.24681 0 0 0 0 0 0 0 0 0 0 0 0 0 0
0.73048 0.70387 0.70387 0.68298 0.67051 0.67051 0.66532 0.66532 0.66714 0.67471 0.67471 0.68615 0.69888 0.69888 0.71326 0.71326 0.72628 0.73613 0.73613 0.74271 0.7444 0.7444 0.74026 0.73193 0.73193 0.72069 0.72069 0.70787 0.69385 0.69385 0.67851 0.66132 0.66132 0.6445 0.6445 0.62856 0.61445 0.61445 0.60357 0.59527 0.59527 0.58787 0.57954 0.57954 0.57005 0.57005 0.55947 0.54992 0.54992 0.54202 0.53359 0.53359 0.5238 0.5238 0.51068 0.49253 0.49253 0.46932 0.44324 0.44324 0.4041 0.35451 0.35451 0.2957 0.2957 0.2405 0 0 0 0 0 0 0 0 0 0 0
0.76615 0.73729 0.73729 0.71217 0.69412 0.69412 0.68238 0.68238 0.67861 0.68202 0.68202 0.69074 0.70096 0.70096 0.71289 0.72261 0.72261 0.72886 0.72886 0.7316 0.73045 0.73045 0.72433 0.71461 0.71461 0.70238 0.70238 0.68889 0.67498 0.67498 0.66109 0.64628 0.64628 0.63246 0.62017 0.62017 0.60975 0.60975 0.60195 0.59673 0.59673 0.59236 0.58238 0.58238 0.57372 0.57372 0.56317 0.55322 0.55322 0.54479 0.53669 0.53669 0.52833 0.51798 0.51798 0.5035 0.5035 0.48456 0.46271 0.46271 0.44 0.40552 0.40552 0.36053 0.36053 0.31765 0.26516 0.26516 0.21471 0 0 0 0 0 0 0 0
0.78271 0.75286 0.75286 0.72595 0.70529 0.70529 0.69045 0.69045 0.68377 0.68479 0.68479 0.69193 0.70102 0.70102 0.71193 0.72046 0.72046 0.72549 0.72549 0.72674 0.72433 0.72433 0.71742 0.70711 0.70711 0.69461 0.69461 0.68112 0.6675 0.6675 0.65448 0.64102 0.64102 0.62863 0.61782 0.61782 0.60889 0.60889 0.60221 0.59802 0.59802 0.59471 0.58952 0.58952 0.58188 0.58188 0.57127 0.56046 0.56046 0.55121 0.5442 0.5442 0.53917 0.53481 0.53481 0.5283 0.5283 0.51838 0.50542 0.50542 0.49154 0.47759 0.47759 0.46433 0.46433 0.45074 0.42493 0.42493 0.39802 0.37018 0.37018 0.33111 0.29431 0.29431 0.27167 0.27167 0.25051
0.81607 0.78469 0.78469 0.75468 0.72929 0.72929 0.70869 0.70869 0.69613 0.69144 0.69144 0.69398 0.6996 0.6996 0.7079 0.71431 0.71431 0.71772 0.71772 0.71712 0.71336 0.71336 0.70582 0.69514 0.69514 0.68274 0.68274 0.66988 0.65686 0.65686 0.64456 0.63217 0.63217 0.62083 0.61098 0.61098 0.60334 0.60334 0.59769 0.59448 0.59448 0.5923 0.5881 0.5881 0.58093 0.57071 0.57071 0.56017 0.56017 0.55167 0.54688 0.54688 0.54595 0.54731 0.54731 0.54803 0.54803 0.54602 0.54119 0.54119 0.5356 0.53008 0.53008 0.52552 0.52109 0.52109 0.5163 0.5163 0.50893 0.49894 0.49894 0.42579 0.4003 0.4003 0.37593 0.37593 0.35309
0.84836 0.81577 0.81577 0.78268 0.75266 0.75266 0.72661 0.7078 0.7078 0.6961 0.6961 0.69203 0.692 0.692 0.696 0.69987 0.69987 0.70255 0.70255 0.70212 0.69947 0.69947 0.69365 0.68466 0.68466 0.67379 0.66251 0.66655 0.65382 0.65382 0.64145 0.62883 0.62883 0.61709 0.60661 0.60661 0.59851 0.59851 0.59246 0.58896 0.58896 0.58664 0.58251 0.58251 0.5754 0.56559 0.56559 0.5557 0.5557 0.5483 0.54509 0.54509 0.54648 0.55055 0.55055 0.55435 0.55435 0.55547 0.55392 0.55392 0.55167 0.54962 0.54962 0.54889 0.54873 0.54873 0.54833 0.54833 0.54545 0.5399 0.5399 0.53273 0.52502 0.52502 0.51739 0.51739 0.51002
0.86377 0.83035 0.83035 0.79527 0.76221 0.76221 0.73283 0.71038 0.71038 0.69464 0.69464 0.68635 0.68231 0.68231 0.68284 0.68456 0.68456 0.68661 0.68661 0.68691 0.68602 0.68602 0.68251 0.6757 0.6757 0.66671 0.65706 0.65706 0.64612 0.64612 0.63455 0.62195 0.62195 0.60932 0.59683 0.59683 0.58648 0.58648 0.57818 0.57276 0.57276 0.56889 0.56393 0.56393 0.55653 0.54754 0.54754 0.53917 0.53917 0.53448 0.53488 0.53488 0.54089 0.54972 0.54972 0.55848 0.55848 0.56423 0.56727 0.56727 0.56955 0.57223 0.57223 0.57696 0.58321 0.58321 0.58949 0.58949 0.59385 0.5963 0.5963 0.59729 0.59772 0.59772 0.59878 0.6002 0.6002
0 0.85772 0.85772 0.81851 0.77871 0.77871 0.74136 0.71008 0.71008 0.68496 0.68496 0.66648 0.65283 0.65283 0.64456 0.64026 0.64026 0.64013 0.64215 0.64215 0.64532 0.64532 0.64747 0.64655 0.64655 0.64281 0.63726 0.63726 0.62979 0.62979 0.62102 0.61041 0.61041 0.59815 0.5845 0.5845 0.57187 0.56076 0.56076 0.55276 0.55276 0.54688 0.54099 0.54099 0.53388 0.52635 0.52635 0.51954 0.51954 0.51716 0.5203 0.5203 0.52932 0.54102 0.54102 0.55302 0.56172 0.5639 0.56846 0.56846 0.57193 0.57564 0.57564 0.58159 0.58949 0.58949 0.59759 0.59759 0.60403 0.60893 0.60893 0.61246 0.6155 0.6155 0.61944 0.624 0.624
0 0 0 0.84559 0.80175 0.80175 0.75864 0.69269 0.69269 0.63316 0.63316 0.6041 0.57997 0.63845 0.62489 0.6166 0.6166 0.61425 0.6161 0.6161 0.6202 0.6202 0.6244 0.62598 0.62598 0.62473 0.62112 0.62112 0.6156 0.6156 0.6085 0.59921 0.59921 0.5876 0.57402 0.57402 0.56079 0.54886 0.54886 0.54007 0.54007 0.53362 0.52783 0.52783 0.52159 0.5154 0.5154 0.50979 0.50979 0.50869 0.51286 0.51286 0.52261 0.53484 0.53484 0.54767 0.55722 0.55722 0.5638 0.5638 0.5683 0.5722 0.5722 0.57765 0.58479 0.58479 0.5917 0.5917 0.59709 0.60126 0.60126 0.60433 0.60704 0.60704 0.61101 0.61633 0.61633
0 0 0 0 0.81964 0.81964 0.74618 0.65018 0.65018 0.56119 0.56119 0.52836 0.49997 0.49997 0.50638 0.54476 0.54476 0.588 0.58572 0.58572 0.58721 0.58721 0.59061 0.59269 0.59269 0.5924 0.58919 0.58919 0.58456 0.57812 0.57812 0.56942 0.56942 0.55805 0.54469 0.54469 0.53107 0.51858 0.51858 0.50902 0.50902 0.50208 0.49706 0.49706 0.49309 0.49028 0.49028 0.4879 0.48979 0.48979 0.4958 0.4958 0.50625 0.51838 0.51838 0.5316 0.54212 0.54212 0.55008 0.55008 0.55544 0.55894 0.55894 0.56205 0.56545 0.56545 0.56734 0.56664 0.56664 0.56417 0.56417 0.56056 0.55597 0.55597 0.552 0.54945 0.54945
