data/Petrone_etal_2016/Sediment_thickness/tbl_sed_thick_total_wgs84.asc
ncols         866
nrows         297
xllcorner     -50.201966770779
yllcorner     67.120582669113
cellsize      7.2870550417999e-005
NODATA_value  -9999
[rows 170 to 203 of 297, columns 228 to 303 of 866]
3.0049 2.9995 2.9869 2.9869 2.947 2.838 2.838 2.6068 2.6068 2.1931 1.5176 1.5176 0.75984 0 0 0 0 0 0 0 0 0 0 0 0 0 0 0 0 0 0 0 0 0 0 1.2065 1.2065 2.1053 2.1053 2.804 3.2663 3.2663 3.6277 3.8857 3.8857 4.096 4.096 4.2678 4.3891 4.3891 4.4654 4.5441 4.5441 4.3594 4.4733 4.4733 4.6054 4.6054 4.7665 4.9589 4.9589 5.5733 5.8737 5.8737 6.1942 6.1942 6.4722 6.6912 6.6912 6.8393 6.9344 6.9344 6.9782 6.9741 6.9741 6.9219
2.9887 2.9863 2.9659 2.9659 2.9051 2.7594 2.7594 2.4864 2.4864 2.0084 1.2573 1.2573 0 0 0 0 0 0 0 0 0 0 0 0 0 0 0 0 0 0 0 0 0 0 0 1.2654 1.2654 2.1902 2.1902 2.8614 3.248 3.248 3.5236 3.6904 3.6904 3.8144 3.8144 3.6953 3.848 3.848 4.0034 4.1678 4.1678 4.3471 4.85 4.85 5.122 5.122 5.4308 5.7227 5.7227 6.0034 6.2347 6.2347 6.4264 6.4264 6.5504 6.6304 6.6304 6.6716 6.6834 6.6834 6.6735 6.6451 6.6451 6.5976
2.9446 2.9168 2.8392 2.8392 2.6864 2.4154 2.4154 2.006 2.006 1.3928 0.70886 0.70886 0 0 0 0 0 0 0 0 0 0 0 0 0 0 0 0 0 0 0 0 0 0 0 1.7685 1.7685 2.601 2.601 3.157 3.4545 3.4545 3.3294 3.5107 3.5107 3.6716 3.6716 3.8336 4.0097 4.0097 4.491 4.768 4.768 5.0609 5.3415 5.0917 5.3998 5.3998 5.6862 5.9355 5.9355 6.155 6.3118 6.3118 6.4226 6.4878 6.4878 6.5152 6.5152 6.5115 6.4859 6.4859 6.4456 6.3929 6.3929 6.3284
2.8082 2.703 2.4942 2.4942 2.1543 1.6161 1.6161 0.99696 0.99696 0.92031 0 0 0 0 0 0 0 0 0 0 0 0 0 0 0 0 0 0 0 0 0 0 0.96639 0.96639 1.5963 2.2601 2.2601 2.9171 2.9171 3.3722 3.6335 3.6335 3.8214 3.668 3.668 3.8345 4.2899 4.2899 4.5139 4.5139 4.7719 5.0206 5.0206 5.2749 5.5063 5.5063 5.7237 5.7237 5.8983 6.0404 6.0404 6.1436 6.2035 6.2035 6.2207 6.1979 6.1979 6.1425 6.1425 6.06 5.9584 5.9584 5.847 5.7302 5.7302 5.612
2.6835 2.5254 2.2269 2.2269 1.6984 1.0563 1.0563 0 0 0 0 0 0 0 0 0 0 0 0 0 0 0 0 0 0 0 0 0.86993 0.86993 1.3227 1.3227 1.8145 2.3457 2.3457 2.8088 3.2203 3.2203 3.5752 3.5752 3.8868 4.1345 4.1345 4.3467 4.5512 4.5512 4.7382 4.9116 4.9116 5.0895 5.0895 5.2477 5.3634 5.3634 5.4353 5.5122 5.5122 5.5767 5.5767 5.6348 5.683 5.683 5.7386 5.7456 5.7456 5.7178 5.6473 5.6473 5.5214 5.5214 5.3636 5.1685 5.1685 4.9686 4.7743 4.7743 4.6098
2.4051 2.0299 1.4921 1.4921 0.79239 0 0 0 0 0 0 0 0 0 0 0 0 0 0 0 0.7053 1.0565 1.0565 1.3572 1.6201 1.6201 1.8902 2.1994 2.1994 2.5294 2.5294 2.8732 3.2019 3.2019 3.5227 3.828 3.828 4.1136 4.3782 4.1378 4.391 4.391 4.6203 4.8266 4.8266 5.0115 5.1726 5.1726 5.3022 5.3022 5.3914 5.4155 5.4155 5.3815 5.3476 5.3476 5.3073 5.2765 5.2765 5.2799 5.2799 5.3281 5.3405 5.3405 5.3059 5.2281 5.2281 5.0907 5.0907 4.9003 4.6737 4.6737 4.464 4.0282 4.0282 3.8944
1.7333 1.7333 1.1089 1.1089 0 0 0 0 0 0 0 0 0 0 0 0 0 0 0.75836 1.1743 1.1743 1.551 1.551 1.8479 2.1138 2.1138 2.3697 2.6375 2.6375 2.9192 2.9192 3.2121 3.5081 3.5081 3.7986 4.0803 4.0803 4.3498 4.6048 4.6048 4.8431 4.8431 5.0646 5.2632 5.2632 5.4312 5.5588 5.5588 5.6302 5.6302 5.6302 5.5092 5.5092 5.2801 4.6626 4.6626 4.4946 4.3592 4.3592 4.2693 4.2693 4.2188 4.1857 4.1857 4.3745 4.2841 4.2841 3.9237 3.9237 3.7482 3.5513 3.5513 3.3633 3.2031 3.2031 3.0842
1.0918 1.0918 0 0 0 0 0 0 0 0 0 0 0 0 0 0.76121 1.2103 1.2103 1.627 1.9554 1.9554 2.2368 2.2368 2.4859 2.7242 2.7242 2.9644 3.2111 3.2111 3.4652 3.4652 3.7245 3.9886 3.9886 4.2514 4.5111 4.5111 4.7638 5.0058 5.0058 5.2319 5.2319 5.4403 5.6231 5.6231 5.7711 5.8749 5.8749 5.9179 5.9179 5.8823 5.7168 5.7168 5.4311 5.098 5.098 4.4772 4.2608 4.2608 4.0889 4.0889 3.9617 3.8596 3.8596 3.7471 3.5861 3.5861 3.3488 3.0306 3.3792 3.115 3.115 2.8684 2.6655 2.6655 2.5614
0.6511 0.6511 0 0 0 0 0 0 0 0 0 0.68714 0.68714 1.1482 1.1482 1.5773 1.9154 1.9154 2.1965 2.4364 2.4364 2.6587 2.6587 2.878 2.9333 2.9333 3.1694 3.4137 3.4137 3.6648 3.9194 3.9194 4.1777 4.1777 4.4343 4.6878 4.6878 4.9345 5.1709 5.1709 5.391 5.391 5.5926 5.7679 5.7679 5.9083 6.0057 6.0057 6.0463 6.0137 6.0137 5.8809 5.8809 5.6316 5.3337 5.3337 4.6347 4.4115 4.4115 4.2202 4.2202 4.0626 3.9214 3.9214 3.7567 3.5243 3.5243 3.1702 2.6902 2.6902 2.0222 2.0222 1.337 0 0 0.8779
0 0 0 0 0 0 0 0 0 0 0.554 1.0543 1.0543 1.5091 1.5091 1.8598 2.1489 2.1489 2.3868 2.6007 2.6007 2.8067 2.8067 3.0176 3.2379 3.2379 3.4711 3.7142 3.7142 3.9628 4.2119 4.2119 4.4624 4.4624 4.7101 4.9534 4.9534 5.1899 5.4163 5.4163 5.6261 5.6261 5.8167 5.9811 5.9811 6.1116 6.2041 6.2041 6.2529 6.2483 6.2483 6.1899 6.1899 6.0579 5.8839 5.8839 5.6802 5.4628 5.4628 5.2389 5.2389 5.0129 4.7684 4.7684 4.4736 4.0577 4.0577 3.3581 2.2066 2.2066 0 0 0 0 0 0
0 0 0 0 0 0 0 0 0.56869 0.56869 1.1035 1.6042 1.6042 1.9638 1.9638 2.2376 2.4589 2.4589 2.6509 2.8354 2.8354 3.0244 3.0244 3.2255 3.4389 3.4389 3.6658 3.9025 3.9025 4.1441 4.3854 4.3854 4.627 4.627 4.8654 5.0986 5.0986 5.3254 5.5424 5.5424 5.7433 5.9245 5.9245 6.0798 6.0798 6.2033 6.2934 6.2934 6.3499 6.3699 6.3699 6.3553 6.3553 6.3093 6.1112 6.1112 5.9711 5.8087 5.8087 5.6257 5.3993 5.3993 5.1394 5.1394 4.8151 4.3521 4.3521 3.5902 2.3328 2.3328 0 0 0 0 0 0
0 0 0 0 0 0 0 0 0.97524 0.76197 1.3527 1.7917 1.7917 2.1148 2.1148 2.3629 2.5641 2.5641 2.7441 2.9215 2.9215 3.105 3.3006 3.3006 3.5083 3.5083 3.7292 3.9597 3.9597 4.1954 4.4312 4.4312 4.6675 4.6675 4.9004 5.1284 5.1284 5.35 5.5623 5.5623 5.7589 5.9355 5.9355 6.0862 6.0862 6.2058 6.2934 6.2934 6.3505 6.3762 6.3762 6.3734 6.3734 6.3446 6.2885 6.2885 6.2051 6.0951 6.0951 5.9546 5.7774 5.7774 5.5542 5.5542 5.2529 4.8212 4.8212 4.1995 3.258 3.258 1.9196 1.9196 0 0 0 0
0 0 0 0 0 0 0 0.64348 1.2157 1.2157 1.7217 2.0776 2.0776 2.3382 2.3382 2.544 2.7194 2.7194 2.8847 3.0503 3.0503 3.22 3.3999 3.3999 3.5904 3.5904 3.7938 4.0076 4.0076 4.2281 4.4504 4.4504 4.6742 4.6742 4.8954 5.1121 5.1121 5.3228 5.5253 5.5253 5.7126 5.8792 5.8792 6.0193 6.0193 6.129 6.2082 6.2082 6.2601 6.2865 6.2865 6.2912 6.2766 6.2766 6.2412 6.2412 6.1835 6.102 6.102 5.9923 5.8479 5.8479 5.6628 5.6628 5.424 5.1014 5.1014 4.6821 4.0687 4.0687 3.2286 2.4676 2.4676 1.9617 1.9617 1.9343
0 0 0 0 0 0.61422 0.61422 1.1636 1.6591 1.6591 2.0143 2.2768 2.2768 2.4863 2.6594 2.6594 2.8158 2.8158 2.9663 3.1156 3.1156 3.2647 3.4217 3.4217 3.5891 3.5891 3.7701 3.9639 3.9639 4.1673 4.3752 4.3752 4.5855 4.7943 4.7943 4.9984 4.9984 5.197 5.3879 5.4696 5.6518 5.8133 5.8133 5.948 5.948 6.0529 6.128 6.128 6.1765 6.2013 6.2013 6.2062 6.1943 6.1943 6.1642 6.1642 6.1143 6.0425 6.0425 5.9448 5.8143 5.8143 5.647 5.647 5.4361 5.1645 5.1645 4.8264 4.3842 4.3842 3.9087 3.4502 3.4502 3.1446 3.1446 2.9812
0 0 0 0 0 0.84938 0.84938 1.3844 1.7972 1.7972 2.1074 2.3412 2.3412 2.5298 2.6896 2.6896 2.8365 2.8365 2.9779 3.1165 3.1165 3.253 3.3965 3.3965 3.551 3.551 3.7196 3.9025 3.9025 4.0966 4.2967 4.2967 4.5 4.7025 4.7025 4.9008 4.9008 5.0936 5.2794 5.2794 5.4519 5.6043 5.6043 5.7315 5.7315 5.8304 5.9006 5.9006 5.9452 5.9686 5.9686 5.9747 5.9676 5.9676 5.9467 5.9467 5.9103 5.8551 5.8551 5.7776 5.67 5.67 5.531 5.531 5.3607 5.1599 5.1599 4.9337 4.6934 4.6934 4.4527 4.2293 4.2293 4.039 4.039 3.892
0 0 0 0.59926 0.59926 1.1164 1.1164 1.5699 1.9285 1.9285 2.1884 2.3844 2.3844 2.5437 2.6815 2.6815 2.8085 2.8085 2.929 3.0435 3.0435 3.1521 3.2661 3.2661 3.3896 3.5241 3.5241 3.6699 3.6699 3.8269 3.9953 3.9953 4.1765 4.3698 4.3698 4.5709 4.5709 4.7734 4.97 4.97 5.1497 5.305 5.305 5.432 5.5317 5.5317 5.6039 5.6039 5.6517 5.6802 5.6802 5.6932 5.6951 5.6951 5.6858 5.6858 5.6637 5.625 5.625 5.565 5.4763 5.4763 5.3579 5.2126 5.2126 5.0459 5.0459 4.8665 4.6846 4.7131 4.5132 4.3272 4.3272 4.1632 4.1632 4.0281
0 0 0 0 0 0.95702 1.5158 1.5158 1.9047 1.9047 2.1494 2.3275 2.3275 2.467 2.5845 2.5845 2.6899 2.6899 2.7871 2.8753 2.8753 2.9537 3.0302 3.0302 3.2624 3.3665 3.3665 3.4713 3.4713 3.5827 3.7116 3.7116 3.872 4.0675 4.0675 4.2928 4.2928 4.5305 4.7616 4.7616 4.9646 5.1314 5.1314 5.2623 5.3644 5.3644 5.4393 5.4393 5.4907 5.5239 5.5239 5.5425 5.5505 5.5505 5.5483 5.5483 5.5341 5.5038 5.5038 5.4522 5.372 5.372 5.2621 5.126 5.126 4.9701 4.9701 4.8034 4.6363 4.6363 4.475 4.3268 4.3268 4.1957 4.1957 4.0855
0 0 0 0 0 0.88183 1.4816 1.4816 1.8686 1.8686 2.1043 2.273 2.273 2.4025 2.5095 2.5095 2.6039 2.6039 2.6889 2.7639 2.7639 2.8258 2.8777 2.8777 2.9094 2.9053 2.9053 2.8313 2.8313 2.6746 2.3881 2.3881 2.2293 2.4695 2.4695 3.0858 3.0858 3.7968 4.2742 4.2742 4.5666 4.7761 4.7761 4.92 5.0286 5.0286 5.1097 5.1097 5.1699 5.2146 5.2146 5.2463 5.2684 5.2684 5.2822 5.2849 5.2849 5.2719 5.2719 5.237 5.1728 5.1728 5.0777 4.9565 4.9565 4.8165 4.8165 4.6683 4.523 4.523 4.3871 4.2656 4.2656 4.1612 4.0753 4.0753
0 0 0 0.53456 0.53456 1.0181 1.4802 1.4802 1.792 1.792 1.9932 2.1324 2.1324 2.2379 2.3226 2.3226 2.3949 2.4567 2.4567 2.5054 2.5054 2.5314 2.5224 2.5224 2.4555 2.2468 2.2468 1.8283 1.8283 1.2711 0 0 0 0 0 1.9378 3.1592 3.1592 3.8578 3.8578 4.2273 4.4704 4.4704 4.625 4.7391 4.7391 4.8261 4.8261 4.8949 4.9509 4.9509 4.9955 5.0312 5.0312 5.1617 5.1714 5.1714 5.1648 5.1648 5.136 5.0774 5.0774 4.9875 4.872 4.872 4.739 4.739 4.5989 4.4636 4.4636 4.3394 4.2303 4.2303 4.138 4.0633 4.0633
0 0 0 0.65775 0.65775 1.1304 1.4914 1.4914 1.7113 1.7528 1.9306 2.0519 2.0519 2.1447 2.219 2.219 2.2819 2.3338 2.3338 2.3699 2.3699 2.3762 2.3335 2.3335 2.2172 1.9087 1.9087 1.3539 1.3539 0 0 0 0 0 0 1.9459 3.0388 3.0388 3.7328 3.7328 4.1123 4.3572 4.3572 4.5133 4.629 4.629 4.7189 4.7189 4.7916 4.8528 4.8528 4.9037 4.9452 4.9452 4.9759 4.9883 4.9883 4.974 4.974 4.9287 4.8523 4.8523 4.7523 4.6417 4.6417 4.5302 4.4245 4.4245 4.3282 4.3282 4.24 4.1601 4.1601 4.0899 4.0312 4.0312
0 0 0 0.6821 0.6821 1.1474 1.4735 1.4735 1.6662 1.6662 1.7986 1.888 1.888 1.9593 2.0179 2.0179 2.0683 2.1058 2.1058 2.1186 2.1186 2.0828 1.9732 1.9732 1.7273 1.26 1.26 0.70862 0 0 0 0 0 1.3401 1.3401 2.3656 3.1606 3.1606 3.6766 3.6766 4.0167 4.2374 4.2374 4.3887 4.5049 4.5049 4.5987 4.6772 4.6772 4.7463 4.7463 4.807 4.8569 4.8569 4.8879 4.8723 4.8723 4.7873 4.7873 4.5632 4.2676 4.2676 4.0074 3.8758 3.8758 3.8819 3.9835 3.9835 4.0753 4.0753 4.0935 4.076 4.076 4.0333 3.9815 3.9815
0 0 0.47558 0.86507 0.86507 1.2092 1.4388 1.4388 1.58 1.6758 1.6758 1.7434 1.7434 1.7998 1.8492 1.8492 1.8939 1.9263 1.9263 1.9269 1.9269 1.8675 1.6656 1.6656 1.2505 0.71231 0.71231 0 0 0 0 0 0 1.8459 1.8459 2.7859 3.4212 3.4212 3.8094 3.7256 4.0325 4.2359 4.2359 4.3818 4.4962 4.4962 4.5899 4.6689 4.6689 4.7394 4.7394 4.8024 4.8538 4.8538 4.8825 4.8482 4.8482 4.7189 4.7189 4.3228 3.5878 3.5878 2.9282 2.7447 2.7447 3.0687 3.5652 3.5652 3.8589 3.8589 4.0057 4.0279 4.0279 4.0002 3.9467 3.9467
0 0 0.63081 0.98914 0.98914 1.2511 1.4318 1.4318 1.5485 1.6275 1.6275 1.6839 1.6839 1.7293 1.7692 1.7692 1.8073 1.8384 1.8384 1.8438 1.8438 1.7983 1.598 1.598 1.1149 0 0 0 0 0 0 0 1.4523 2.3014 2.3014 3.0641 3.5843 3.5843 3.9243 3.9243 4.1695 4.3434 4.3434 4.4763 4.5829 4.5829 4.6708 4.7454 4.7454 4.8117 4.8117 4.8713 4.9192 4.9192 4.9419 4.8904 4.8904 4.726 4.1962 4.1962 3.0576 3.0576 0 0 0 0 2.6041 2.6041 3.528 3.528 3.889 3.9464 3.9464 3.9282 3.8608 3.8608
0.61278 0.93411 0.93411 1.1741 1.1741 1.3419 1.4537 1.4537 1.523 1.5597 1.5597 1.5689 1.5689 1.5581 1.5174 1.5174 1.4808 1.488 1.488 1.5388 1.6201 1.6201 1.6387 1.6387 1.5244 1.3856 1.3856 1.3566 1.6694 1.6694 2.1662 2.1662 2.7529 3.2465 3.2465 3.6556 3.9761 3.9761 4.23 4.4261 4.4261 4.5769 4.5769 4.6957 4.7912 4.7912 4.8687 4.9335 4.9335 4.9889 4.9889 5.0366 5.0743 5.0743 5.0929 5.0617 5.0617 4.9559 4.6874 4.6874 4.3261 4.3261 3.8305 3.3169 3.3169 3.1763 3.36 3.36 3.7736 3.5719 3.9006 3.9379 3.9379 3.9087 3.831 3.831
0.98402 1.1996 1.1996 1.365 1.365 1.48 1.5502 1.5502 1.5684 1.5063 1.5063 1.3587 1.3587 1.1253 0.87939 0.87939 0.63587 0 0 0 1.0784 1.0784 1.6368 1.6676 1.876 2.025 2.025 2.2115 2.4714 2.4714 2.8325 2.8325 3.2185 3.597 3.597 3.9156 4.1875 4.1875 4.4105 4.5894 4.5894 4.7309 4.7309 4.8434 4.9338 4.9338 5.0067 5.0668 5.0668 5.1169 5.1169 5.1587 5.1913 5.1913 5.2086 5.1922 5.1922 5.1267 4.9913 4.9913 4.8035 4.8035 4.5287 4.3095 4.3095 4.1347 4.0867 4.0867 4.0732 4.1033 4.1033 4.0543 4.0543 3.984 3.8886 3.8886
1.1472 1.3352 1.3352 1.4756 1.4756 1.5795 1.6362 1.6362 1.6322 1.4953 1.4953 1.1925 1.1925 0.82393 0 0 0 0 0 0 0 0 1.7685 1.7685 2.3898 2.7756 2.7756 3.0661 3.3389 3.3389 3.6105 3.8835 3.8835 4.149 4.149 4.3958 4.6159 4.6159 4.8067 4.9657 4.9657 5.0949 5.0949 5.1987 5.2822 5.2822 5.3492 5.4043 5.4043 5.4486 5.4839 5.4839 5.5109 5.5109 5.5272 5.527 5.527 5.5046 5.4497 5.4497 5.3579 5.3579 5.2317 5.0825 5.0825 4.9225 4.7673 4.7673 4.6254 4.5014 4.5014 4.3937 4.3937 4.2972 4.2007 4.2007
1.4562 1.6191 1.6191 1.7472 1.7472 1.8478 1.8999 1.8999 1.8883 1.6636 1.6636 1.1155 0 0 0 0 0 0 0 1.3264 1.9504 1.9504 2.5379 2.5379 2.9744 3.3259 3.3259 3.6117 3.8769 3.8769 4.1328 4.3839 4.3839 4.6261 4.6261 4.853 5.058 5.058 5.2381 5.3899 5.3899 5.514 5.514 5.6145 5.6958 5.6958 5.7619 5.8173 5.8173 5.8623 5.8982 5.8982 5.9258 5.7087 5.7251 5.7266 5.7266 5.7088 5.6634 5.6634 5.5851 5.5851 5.4747 5.3378 5.3378 5.1851 5.0301 5.0301 4.8846 4.7546 4.7546 4.6443 4.6443 4.5491 4.4596 4.4596
1.797 1.9511 1.9511 2.082 2.082 2.1957 2.2761 2.2761 2.0841 1.8978 1.8978 1.4929 0 0 1.1023 1.1023 1.3004 1.6581 1.6581 2.0854 2.5812 2.5812 2.9808 2.9808 3.3184 3.6059 3.6059 3.872 4.1275 4.1275 4.3776 4.6234 4.6234 4.8607 4.8607 5.0829 5.2843 5.2843 5.4619 5.6122 5.6122 5.7355 5.836 5.836 5.9179 5.9179 5.9849 6.0417 6.0417 6.0886 6.1265 6.1265 6.1561 6.1561 6.176 6.1815 6.1815 6.1695 6.1336 6.1336 6.0691 5.9777 5.9777 5.8638 5.8638 5.7364 5.6066 5.6066 5.4847 5.3756 5.3756 5.284 5.284 5.2074 5.1411 5.1411
1.9863 2.1383 2.1383 2.2733 2.396 2.396 2.4962 2.4962 2.572 2.5905 2.5905 2.6208 2.6593 2.6593 2.7643 2.7643 2.9074 3.1088 3.1088 3.3026 3.5118 3.5118 3.7269 3.9471 3.9471 4.1715 4.1715 4.4003 4.6344 4.6344 4.87 5.1031 5.1031 5.3295 5.3295 5.5426 5.7374 5.7374 5.9109 6.0596 6.0596 6.1836 6.2865 6.2865 6.3717 6.3717 6.4427 6.5039 6.5039 6.556 6.5992 6.5992 6.6346 6.6346 6.6618 6.6768 6.6768 6.6773 6.6588 6.6588 6.6178 6.5549 6.5549 6.4741 6.4741 6.3818 6.2874 6.2874 6.1988 6.1202 6.1202 6.0548 6.0548 5.2187 5.1627 5.1627
2.3941 2.5473 2.5473 2.6933 2.8338 2.8338 2.9676 2.9676 3.0956 3.2191 3.2191 3.3424 3.4671 3.4671 3.5968 3.5968 3.7315 3.8727 3.8727 4.0209 4.1778 4.1778 4.3462 4.5283 4.5283 4.7235 4.7235 4.9299 5.1447 5.1447 5.3623 5.5788 5.5788 5.7904 5.7904 5.9911 6.1769 6.1769 6.1313 6.2792 6.2792 6.4039 6.5086 6.5086 6.5963 6.5963 6.6699 6.7337 6.7337 6.7887 6.8352 6.8352 6.8746 6.8746 6.9071 6.9295 6.9295 6.9398 6.934 6.934 6.9089 6.8643 6.8643 6.8031 6.8031 6.7311 6.6559 6.6559 6.5851 6.5225 6.5225 5.6756 5.6149 5.6149 5.5661 5.5661
2.6086 2.7651 2.7651 2.9166 3.0645 3.0645 3.2089 3.2089 3.35 3.4888 3.4888 3.6264 3.7631 3.7631 3.8992 3.8992 4.0357 4.1741 4.1741 4.3172 4.4678 4.4678 4.6296 4.8043 4.8043 4.9914 4.9914 5.1889 5.3941 5.3941 5.6021 5.8092 5.8092 6.0118 6.2051 6.2051 6.3854 6.3854 6.5501 6.6954 6.6954 6.8211 6.9295 6.9295 7.0223 7.0223 7.1017 7.1716 7.1716 7.2336 7.2887 7.2887 7.3391 7.3866 7.3866 7.4291 7.4291 7.4651 7.4906 7.4906 7.5025 7.4988 7.4988 7.4807 7.4807 7.4517 7.4171 7.4171 6.5766 6.5204 6.5204 6.4692 6.4252 6.4252 6.6318 6.6318
3.0527 3.2171 3.2171 3.3781 3.537 3.537 3.6941 3.6941 3.8486 4.0005 4.0005 4.1508 4.2981 4.2981 4.4421 4.5839 4.5839 4.7253 4.7253 4.868 5.0148 5.0148 5.1693 5.3325 5.3325 5.5048 5.5048 5.6852 5.8709 5.8709 6.0587 6.2459 6.2459 6.4289 6.6046 6.6046 6.7703 6.7703 6.9241 7.0629 7.0629 7.1863 7.2955 7.2955 7.3914 7.3914 7.4754 7.5513 7.5513 7.6213 7.6879 7.6879 7.7533 7.8205 7.8205 7.8883 7.8883 7.9544 8.0146 8.0146 8.0657 8.1041 8.1041 8.1295 8.1295 7.3365 7.318 7.318 6.9425 6.9 6.9 6.8603 7.0724 7.0724 7.1736 7.1736
3.5176 3.688 3.688 3.8558 4.0222 4.0222 4.1874 4.1874 4.3506 4.511 4.511 4.6684 4.8213 4.8213 4.9689 5.1127 5.1127 5.2537 5.2537 5.393 5.5334 5.5334 5.678 5.5844 5.5844 5.7489 5.7489 5.9201 6.0958 6.0958 6.2731 6.4494 6.4494 6.6214 6.7863 6.7863 6.9429 6.9429 7.089 7.2221 7.2221 7.3422 7.4499 7.4499 7.5458 7.6312 7.6312 7.7097 7.7097 7.784 7.8571 7.8571 7.9313 8.0095 8.0095 8.0907 8.0907 8.1722 8.2494 8.2494 8.3193 8.3779 8.3779 8.4239 7.6286 7.6286 7.6288 7.6288 7.6213 7.8049 7.8049 7.951 8.0646 8.0646 8.1573 8.1573
3.7564 3.929 3.929 4.0997 4.2695 4.2695 4.4385 4.6054 4.6054 4.7691 4.7691 4.9288 5.0828 5.0828 5.2302 5.3725 5.3725 5.5107 5.5107 5.6459 5.781 5.781 5.9189 6.0605 6.0605 6.207 6.3581 6.3581 6.512 6.512 6.6664 6.8192 6.8192 6.9669 7.1082 7.1082 7.2426 7.2426 7.3691 7.4866 7.4866 7.5959 7.6972 7.6972 7.7904 7.8768 7.8768 7.9599 7.9599 8.0423 8.1278 8.1278 8.2186 8.3174 8.3174 8.4227 8.4227 8.5315 8.6386 8.6386 8.7414 8.0141 8.0141 8.0748 8.1236 8.1236 8.1615 8.1615 8.4263 8.5899 8.5899 8.7418 8.8675 8.8675 8.9804 8.9804
