data/Petrone_etal_2016/Active_Layer_Depth/tbl_al_thickness_utm22n.asc
ncols         541
nrows         475
xllcorner     534622.5
yllcorner     7445082.5
cellsize      5
NODATA_value  -9999
[rows 385 to 419 of 475, columns 156 to 233 of 541]
0.48 0.48 0.48 0.48 0.48 0.49333 0.53333 0.57333 0.61333 0.65333 0.68 0.68133 0.68267 0.684 0.68533 0.67333 0.632 0.64333 0.76 0.87667 1.0067 -9999 -9999 -9999 -9999 -9999 -9999 -9999 -9999 -9999 -9999 -9999 -9999 -9999 -9999 -9999 -9999 -9999 -9999 -9999 -9999 -9999 -9999 -9999 -9999 -9999 -9999 -9999 -9999 -9999 -9999 1.156 1.042 0.928 0.814 0.738 0.70733 0.722 0.73667 0.75867 0.78067 0.79533 0.80267 0.80267 0.954 1.1053 1.3433 1.5514 1.8 1.8818 2 -9999 -9999 -9999 -9999 -9999 -9999 -9999
0.48 0.48 0.48 0.48 0.48 0.48 0.50667 0.53333 0.57467 0.616 0.65733 0.67333 0.68933 0.69067 0.692 0.66533 0.62267 0.58 0.64267 0.758 0.90133 1.0593 -9999 -9999 -9999 -9999 -9999 -9999 -9999 -9999 -9999 -9999 -9999 -9999 -9999 -9999 -9999 -9999 -9999 -9999 -9999 -9999 -9999 -9999 -9999 -9999 -9999 -9999 -9999 -9999 1.156 1.042 0.928 0.814 0.738 0.70733 0.722 0.744 0.766 0.788 0.80267 0.81 0.81 0.88933 1.1273 1.32 1.5423 1.7836 2 -9999 -9999 -9999 -9999 -9999 -9999 -9999 -9999 -9999
0.48 0.48 0.48 0.48 0.48 0.48 0.49333 0.50667 0.54933 0.592 0.63467 0.66533 0.696 0.69733 0.69867 0.656 0.612 0.568 0.57667 0.69067 0.84867 1.0067 1.1647 -9999 -9999 -9999 -9999 -9999 -9999 -9999 -9999 -9999 -9999 -9999 -9999 -9999 -9999 -9999 -9999 -9999 -9999 -9999 -9999 -9999 -9999 -9999 -9999 -9999 -9999 1.1413 1.0273 0.91333 0.79933 0.738 0.7 0.71467 0.73667 0.75867 0.78067 0.80267 0.81 0.88933 0.96867 1.065 1.2677 1.4591 1.6033 -9999 -9999 -9999 -9999 -9999 -9999 -9999 -9999 -9999 -9999 -9999
0.524 0.502 0.48 0.48 0.48 0.48 0.48 0.48 0.524 0.568 0.612 0.656 0.7 0.7 0.7 0.656 0.612 0.568 0.524 0.58533 0.74333 0.90133 1.0593 -9999 -9999 -9999 -9999 -9999 -9999 -9999 -9999 -9999 -9999 -9999 -9999 -9999 -9999 -9999 -9999 -9999 -9999 -9999 -9999 -9999 -9999 -9999 -9999 -9999 1.1267 1.0127 0.89867 0.78467 0.72333 0.7 0.70733 0.72933 0.75133 0.77333 0.79533 0.81 0.81 0.96867 1.065 1.2067 1.405 -9999 -9999 -9999 -9999 -9999 -9999 -9999 -9999 -9999 -9999 -9999 -9999 -9999
0.612 0.568 0.524 0.502 0.48 0.48 0.49467 0.50933 0.55333 0.59733 0.64133 0.67067 0.7 0.7 0.7 0.656 0.612 0.568 0.524 0.53267 0.638 0.796 0.954 1.112 -9999 -9999 -9999 -9999 -9999 -9999 -9999 -9999 -9999 -9999 -9999 -9999 -9999 -9999 -9999 -9999 -9999 -9999 -9999 -9999 -9999 -9999 -9999 1.1267 0.998 0.884 0.77 0.70867 0.68533 0.7 0.71467 0.73667 0.75867 0.78067 0.80267 0.81 0.88933 1.1273 1.2677 1.405 -9999 -9999 -9999 -9999 -9999 -9999 -9999 -9999 -9999 -9999 -9999 -9999 -9999 -9999
0.71467 0.66333 0.612 0.58267 0.55333 0.55333 0.568 0.58267 0.612 0.64133 0.67067 0.68533 0.7 0.7 0.7 0.656 0.612 0.568 0.524 0.48 0.53267 0.638 0.796 0.954 1.112 -9999 -9999 -9999 -9999 -9999 -9999 -9999 -9999 -9999 -9999 -9999 -9999 -9999 -9999 -9999 -9999 -9999 -9999 -9999 -9999 -9999 1.1267 0.998 0.884 0.77 0.70867 0.68533 0.70733 0.71467 0.73667 0.75867 0.78067 0.79533 0.81 0.81 0.96867 1.2067 1.3058 1.4711 -9999 -9999 -9999 -9999 -9999 -9999 -9999 -9999 -9999 -9999 -9999 -9999 -9999 -9999
0.77333 0.73667 0.7 0.66333 0.62667 0.62667 0.64133 0.656 0.67067 0.68533 0.7 0.7 0.7 0.7 0.7 0.656 0.612 0.568 0.524 0.48 0.48 0.53267 0.638 0.796 0.954 1.112 1.2173 -9999 -9999 -9999 -9999 -9999 -9999 -9999 -9999 -9999 -9999 -9999 -9999 -9999 -9999 -9999 -9999 -9999 1.2173 1.1267 0.998 0.884 0.77 0.70867 0.68533 0.7 0.71467 0.72933 0.75133 0.77333 0.79533 0.80267 0.81 0.88933 1.1273 1.3653 1.5042 1.7356 -9999 -9999 -9999 -9999 -9999 -9999 -9999 -9999 -9999 -9999 -9999 -9999 -9999 -9999
0.788 0.766 0.744 0.722 0.7 0.7 0.7 0.7 0.7 0.7 0.7 0.7 0.7 0.7 0.7 0.656 0.612 0.568 0.524 0.48 0.48 0.48 0.53267 0.638 0.74333 0.90133 1.0593 1.1647 1.2173 -9999 -9999 -9999 -9999 -9999 -9999 -9999 -9999 -9999 -9999 -9999 1.27 1.27 1.2173 1.1647 1.074 0.94533 0.83133 0.77 0.70867 0.68533 0.7 0.7 0.722 0.744 0.766 0.788 0.81 0.81 0.81 0.96867 1.2067 1.4447 1.6033 1.8678 -9999 -9999 -9999 -9999 -9999 -9999 -9999 -9999 -9999 -9999 -9999 -9999 -9999 -9999
0.79533 0.78067 0.75867 0.73667 0.71467 0.70733 0.7 0.7 0.7 0.7 0.7 0.7 0.7 0.7 0.7 0.656 0.612 0.568 0.524 0.48 0.48 0.48 0.48 0.53267 0.58533 0.69067 0.796 0.954 1.0593 1.1647 1.2173 1.27 -9999 -9999 -9999 -9999 1.2173 1.1647 1.112 1.0593 1.0067 1.0067 0.96867 0.93067 0.85467 0.79333 0.732 0.70867 0.68533 0.7 0.7 0.7 0.722 0.744 0.766 0.788 0.81 0.81 0.88933 1.1273 1.3653 1.6033 1.8017 2 -9999 -9999 -9999 -9999 -9999 -9999 -9999 -9999 -9999 -9999 -9999 -9999 -9999 -9999
0.80267 0.79533 0.77333 0.75133 0.72933 0.71467 0.7 0.7 0.7 0.7 0.7 0.7 0.7 0.7 0.7 0.656 0.612 0.568 0.524 0.48 0.48 0.48 0.48 0.48 0.48 0.53267 0.58533 0.69067 0.796 0.90133 0.954 1.0067 1.0067 1.0067 1.0067 1.0067 0.954 0.90133 0.84867 0.796 0.758 0.77267 0.74933 0.726 0.71733 0.694 0.67067 0.68533 0.7 0.7 0.7 0.7 0.722 0.744 0.766 0.788 0.81 0.80133 0.96 1.198 1.436 1.6507 1.8918 2 -9999 -9999 -9999 -9999 -9999 -9999 -9999 -9999 -9999 -9999 -9999 -9999 -9999 -9999
0.80267 0.79533 0.77333 0.75133 0.72933 0.71467 0.7 0.7 0.7 0.7 0.7 0.7 0.7 0.7 0.7 0.656 0.612 0.568 0.524 0.48 0.48 0.48 0.48 0.48 0.48 0.48 0.48 0.53267 0.58533 0.638 0.69067 0.74333 0.74333 0.74333 0.74333 0.74333 0.69067 0.638 0.6 0.562 0.53867 0.568 0.612 0.64133 0.67067 0.68533 0.7 0.7 0.7 0.7 0.7 0.70733 0.72933 0.75133 0.77333 0.79533 0.81 0.79267 0.94267 1.0927 1.3307 1.5023 1.736 -9999 -9999 -9999 -9999 -9999 -9999 -9999 -9999 -9999 -9999 -9999 -9999 -9999 -9999 -9999
0.80267 0.788 0.766 0.744 0.722 0.70733 0.7 0.7 0.7 0.7 0.7 0.7 0.7 0.7 0.7 0.67067 0.62667 0.58267 0.53867 0.49467 0.48 0.48 0.48 0.48 0.48 0.48 0.48 0.48 0.48 0.48 0.48 0.48 0.48 0.48 0.48 0.49467 0.50933 0.524 0.55333 0.58267 0.612 0.64133 0.67067 0.68533 0.7 0.7 0.7 0.7 0.7 0.7 0.70733 0.722 0.744 0.766 0.788 0.80267 0.81 0.784 0.846 0.908 1.058 1.12 1.2667 -9999 -9999 -9999 -9999 -9999 -9999 -9999 -9999 -9999 -9999 -9999 -9999 -9999 -9999 -9999
0.80267 0.788 0.766 0.744 0.72933 0.722 0.722 0.72933 0.73667 0.72933 0.722 0.71467 0.70733 0.7 0.7 0.67067 0.62667 0.58267 0.53867 0.49467 0.48 0.48 0.48 0.48 0.48 0.48 0.48 0.48 0.48 0.48 0.48 0.48 0.48 0.48 0.48 0.49467 0.52267 0.55067 0.59333 0.636 0.664 0.68 0.696 0.69733 0.69867 0.7 0.7 0.7 0.70733 0.71467 0.72933 0.75133 0.77333 0.788 0.80267 0.81 0.80133 0.77533 0.74933 0.72333 0.78533 0.79 0.82667 -9999 -9999 -9999 -9999 -9999 -9999 -9999 -9999 -9999 -9999 -9999 -9999 -9999 -9999 -9999
0.81 0.79533 0.77333 0.75867 0.75133 0.744 0.75133 0.766 0.75133 0.722 0.69267 0.66333 0.634 0.62667 0.62667 0.612 0.58267 0.55333 0.524 0.49467 0.48 0.48 0.48 0.48 0.48 0.48 0.48 0.48 0.48 0.48 0.48 0.48 0.48 0.48 0.48 0.49467 0.536 0.57733 0.61867 0.66 0.68667 0.68933 0.692 0.69467 0.69733 0.7 0.7 0.7 0.71467 0.72933 0.75133 0.77333 0.79533 0.80267 0.81 0.81 0.79267 0.76667 0.74067 0.71467 0.68867 0.68 0.68 -9999 -9999 -9999 -9999 -9999 -9999 -9999 -9999 -9999 -9999 -9999 -9999 -9999 -9999 -9999
0.80267 0.788 0.77333 0.766 0.766 0.77333 0.788 0.80267 0.766 0.71467 0.66333 0.612 0.56067 0.55333 0.55333 0.53867 0.524 0.50933 0.49467 0.48 0.48 0.48 0.48 0.48 0.48 0.48 0.48 0.48 0.48 0.48 0.48 0.48 0.48 0.48 0.48 0.48 0.52 0.56 0.6 0.64 0.68 0.684 0.688 0.692 0.696 0.7 0.7 0.70733 0.72933 0.75133 0.77333 0.79533 0.81 0.81 0.81 0.80133 0.77533 0.74933 0.72333 0.69733 0.68 0.68 0.68 -9999 -9999 -9999 -9999 -9999 -9999 -9999 -9999 -9999 -9999 -9999 -9999 -9999 -9999 -9999
0.80267 0.788 0.78067 0.78067 0.78067 0.788 0.80267 0.81 0.744 0.678 0.612 0.546 0.48 0.48 0.48 0.48 0.48 0.48 0.48 0.48 0.48 0.48 0.48 0.48 0.48 0.48 0.48 0.48 0.48 0.48 0.48 0.48 0.48 0.48 0.48 0.48 0.52 0.56 0.6 0.64 0.68 0.684 0.688 0.692 0.696 0.7 0.7 0.71467 0.73667 0.75867 0.78067 0.80267 0.81 0.81 0.80133 0.784 0.758 0.732 0.706 0.68929 0.68 0.68 -9999 -9999 -9999 -9999 -9999 -9999 -9999 -9999 -9999 -9999 -9999 -9999 -9999 -9999 -9999 -9999
0.80267 0.79533 0.79533 0.79533 0.79533 0.80267 0.81 0.81 0.744 0.678 0.612 0.546 0.48 0.48 0.48 0.48 0.48 0.48 0.48 0.48 0.48 0.48 0.48 0.48 0.48 0.48 0.48 0.48 0.48 0.48 0.48 0.48 0.48 0.48 0.48 0.48 0.52 0.56 0.6 0.64867 0.69733 0.70867 0.71267 0.71667 0.712 0.70733 0.70733 0.72933 0.75133 0.77333 0.79533 0.81 0.81 0.81 0.79267 0.76667 0.74067 0.71467 0.68929 0.68 0.68 -9999 -9999 -9999 -9999 -9999 -9999 -9999 -9999 -9999 -9999 -9999 -9999 -9999 -9999 -9999 -9999 -9999
0.81 0.81 0.81 0.81 0.81 0.81 0.81 0.81 0.744 0.678 0.612 0.546 0.48 0.48 0.48 0.48 0.48 0.48 0.48 0.48 0.48 0.48 0.48 0.48 0.48 0.48 0.48 0.48 0.48 0.48 0.48 0.48 0.48 0.48 0.48 0.48 0.50667 0.54667 0.59533 0.65267 0.71 0.742 0.75333 0.756 0.75 0.744 0.744 0.75867 0.77333 0.788 0.80267 0.81 0.81 0.80133 0.77533 0.74933 0.72333 0.69857 0.68 0.68 -9999 -9999 -9999 -9999 -9999 -9999 -9999 -9999 -9999 -9999 -9999 -9999 -9999 -9999 -9999 -9999 -9999 -9999
0.81 0.81 0.81 0.81 0.81 0.81 0.81 0.81 0.744 0.678 0.612 0.546 0.48 0.48 0.48 0.48 0.48 0.48 0.48 0.48 0.48 0.48 0.48 0.48 0.48 0.48 0.48 0.48 0.48 0.48 0.48 0.48 0.48 0.48 0.48 0.48 0.49333 0.52 0.57733 0.64333 0.70933 0.762 0.794 0.79533 0.788 0.78067 0.78067 0.788 0.79533 0.80267 0.81 0.81 0.80133 0.784 0.758 0.732 0.70786 0.69083 0.68 -9999 -9999 -9999 -9999 -9999 -9999 -9999 -9999 -9999 -9999 -9999 -9999 -9999 -9999 -9999 -9999 -9999 -9999 -9999
0.81 0.81 0.81 0.81 0.81 0.81 0.81 0.788 0.722 0.656 0.59 0.524 0.48 0.48 0.48 0.48 0.48 0.48 0.48 0.48 0.48 0.48 0.48 0.48 0.48 0.48 0.48 0.48 0.48 0.48 0.48 0.48 0.48 0.48 0.48 0.48 0.48 0.51533 0.58133 0.64733 0.71333 0.77933 0.81 0.81 0.81 0.81 0.81 0.81 0.81 0.81 0.81 0.80133 0.784 0.758 0.73571 0.71 0.69182 0.68 -9999 -9999 -9999 -9999 -9999 -9999 -9999 -9999 -9999 -9999 -9999 -9999 -9999 -9999 -9999 -9999 -9999 -9999 -9999 -9999
0.81 0.81 0.81 0.81 0.81 0.81 0.81 0.766 0.7 0.634 0.568 0.502 0.48 0.48 0.48 0.48 0.48 0.48 0.48 0.48 0.48 0.48 0.48 0.48 0.48 0.48 0.48 0.48 0.48 0.48 0.48 0.48 0.48 0.48 0.48 0.48 0.48 0.524 0.59 0.656 0.722 0.788 0.81 0.81 0.81 0.81 0.81 0.81 0.81 0.81 0.80133 0.784 0.76357 0.74 0.71545 0.69444 -9999 -9999 -9999 -9999 -9999 -9999 -9999 -9999 -9999 -9999 -9999 -9999 -9999 -9999 -9999 -9999 -9999 -9999 -9999 -9999 -9999 -9999
0.766 0.744 0.722 0.7 0.722 0.744 0.744 0.7 0.656 0.59 0.524 0.48 0.48 0.48 0.48 0.48 0.48 0.48 0.48 0.48 0.48 0.48 0.48 0.48 0.48 0.48 0.48 0.48 0.48 0.48 0.48 0.48 0.48 0.48 0.48 0.48 0.502 0.568 0.634 0.7 0.766 0.81 0.81 0.81 0.81 0.81 0.81 0.81 0.81 0.80133 0.784 0.758 0.74 0.71545 -9999 -9999 -9999 -9999 -9999 -9999 -9999 -9999 -9999 -9999 -9999 -9999 -9999 -9999 -9999 -9999 -9999 -9999 -9999 -9999 -9999 -9999 -9999 -9999
0.68267 0.64733 0.612 0.59 0.612 0.634 0.634 0.612 0.59 0.546 0.502 0.48 0.48 0.48 0.48 0.48 0.48 0.48 0.48 0.48 0.48 0.48 0.48 0.48 0.48 0.48 0.48 0.48 0.48 0.48 0.48 0.48 0.48 0.48 0.48 0.502 0.546 0.612 0.678 0.744 0.788 0.81 0.81 0.81 0.81 0.81 0.80133 0.79267 0.784 0.76667 0.74067 0.72643 0.71545 0.69625 -9999 -9999 -9999 -9999 -9999 -9999 -9999 -9999 -9999 -9999 -9999 -9999 -9999 -9999 -9999 -9999 -9999 -9999 -9999 -9999 -9999 -9999 -9999 -9999
0.61267 0.564 0.51533 0.48 0.502 0.524 0.524 0.524 0.524 0.502 0.48 0.48 0.48 0.48 0.48 0.48 0.48 0.48 0.48 0.48 0.48 0.48 0.48 0.48 0.48 0.48 0.48 0.48 0.48 0.48 0.48 0.48 0.48 0.48 0.502 0.546 0.612 0.678 0.744 0.788 0.81 0.81 0.81 0.81 0.81 0.80133 0.784 0.76667 0.74933 0.72333 0.706 0.7 0.693 -9999 -9999 -9999 -9999 -9999 -9999 -9999 -9999 -9999 -9999 -9999 -9999 -9999 -9999 -9999 -9999 -9999 -9999 -9999 -9999 -9999 -9999 -9999 -9999 -9999
0.58667 0.54667 0.50667 0.48 0.48 0.48 0.48 0.48 0.48 0.48 0.48 0.48 0.48 0.48 0.48 0.48 0.48 0.48 0.48 0.48 0.48 0.48 0.48 0.48 0.48 0.48 0.48 0.48 0.48 0.48 0.48 0.48 0.48 0.502 0.546 0.612 0.678 0.744 0.788 0.81 0.81 0.81 0.81 0.80133 0.79267 0.77533 0.74933 0.72333 0.706 0.68867 0.68 0.68 0.68 -9999 -9999 -9999 -9999 -9999 -9999 -9999 -9999 -9999 -9999 -9999 -9999 -9999 -9999 -9999 -9999 -9999 -9999 -9999 -9999 -9999 -9999 -9999 -9999 -9999
0.6 0.56 0.52 0.48 0.48 0.48 0.48 0.48 0.48 0.48 0.48 0.48 0.48 0.48 0.48 0.48 0.48 0.48 0.48 0.48 0.48 0.48 0.48 0.48 0.48 0.48 0.48 0.48 0.48 0.48 0.48 0.48 0.48 0.524 0.59 0.656 0.722 0.788 0.81 0.81 0.80133 0.79267 0.784 0.76667 0.74933 0.732 0.71467 0.69733 0.68867 0.68 0.68 0.68 -9999 -9999 -9999 -9999 -9999 -9999 -9999 -9999 -9999 -9999 -9999 -9999 -9999 -9999 -9999 -9999 -9999 -9999 -9999 -9999 -9999 -9999 -9999 -9999 -9999 -9999
0.6 0.56 0.52 0.48 0.48 0.48 0.48 0.48 0.48 0.48 0.48 0.48 0.48 0.48 0.48 0.48 0.48 0.48 0.48 0.48 0.48 0.48 0.48 0.48 0.48 0.48 0.48 0.48 0.48 0.48 0.48 0.48 0.502 0.568 0.634 0.7 0.766 0.81 0.81 0.80133 0.784 0.76667 0.74933 0.72333 0.706 0.69733 0.68867 0.68 0.68 0.68 0.68 -9999 -9999 -9999 -9999 -9999 -9999 -9999 -9999 -9999 -9999 -9999 -9999 -9999 -9999 -9999 -9999 -9999 -9999 -9999 -9999 -9999 -9999 -9999 -9999 -9999 -9999 -9999
0.58667 0.54667 0.50667 0.48 0.48 0.48 0.48 0.48 0.48 0.48 0.48 0.48 0.48 0.48 0.48 0.48 0.48 0.48 0.48 0.48 0.48 0.48 0.48 0.48 0.48 0.48 0.48 0.48 0.48 0.48 0.502 0.524 0.568 0.634 0.7 0.744 0.788 0.81 0.81 0.80133 0.77533 0.74933 0.72333 0.69733 0.68 0.68 0.68 0.68 0.68 0.68 0.68 -9999 -9999 -9999 -9999 -9999 -9999 -9999 -9999 -9999 -9999 -9999 -9999 -9999 -9999 -9999 -9999 -9999 -9999 -9999 -9999 -9999 -9999 -9999 -9999 -9999 -9999 -9999
0.56 0.52 0.49333 0.48 0.48 0.48 0.48 0.48 0.48 0.48 0.48 0.48 0.48 0.48 0.48 0.48 0.48 0.48 0.48 0.48 0.48 0.48 0.48 0.48 0.48 0.48 0.48 0.48 0.502 0.524 0.568 0.612 0.678 0.722 0.766 0.788 0.81 0.81 0.81 0.80133 0.784 0.76667 0.74933 0.732 0.72333 0.71467 0.706 0.69857 0.69083 0.68 -9999 -9999 -9999 -9999 -9999 -9999 -9999 -9999 -9999 -9999 -9999 -9999 -9999 -9999 -9999 -9999 -9999 -9999 -9999 -9999 -9999 -9999 -9999 -9999 -9999 -9999 -9999 -9999
0.53333 0.49333 0.48 0.48 0.48 0.48 0.48 0.48 0.48 0.48 0.48 0.48 0.48 0.48 0.48 0.48 0.48 0.48 0.48 0.48 0.48 0.48 0.48 0.48 0.48 0.48 0.48 0.502 0.546 0.59 0.656 0.722 0.766 0.788 0.81 0.81 0.81 0.81 0.81 0.81 0.80133 0.79267 0.784 0.77533 0.758 0.74067 0.72643 0.7125 0.69444 -9999 -9999 -9999 -9999 -9999 -9999 -9999 -9999 -9999 -9999 -9999 -9999 -9999 -9999 -9999 -9999 -9999 -9999 -9999 -9999 -9999 -9999 -9999 -9999 -9999 -9999 -9999 -9999 -9999
0.52 0.48 0.48 0.48 0.48 0.48 0.48 0.48 0.48 0.48 0.48 0.48 0.48 0.48 0.48 0.48 0.48 0.48 0.48 0.502 0.524 0.524 0.524 0.524 0.502 0.48 0.502 0.546 0.612 0.678 0.744 0.788 0.81 0.81 0.81 0.81 0.81 0.81 0.81 0.81 0.81 0.81 0.81 0.80133 0.784 0.76357 0.745 0.72333 -9999 -9999 -9999 -9999 -9999 -9999 -9999 -9999 -9999 -9999 -9999 -9999 -9999 -9999 -9999 -9999 -9999 -9999 -9999 -9999 -9999 -9999 -9999 -9999 -9999 -9999 -9999 -9999 -9999 -9999
0.52 0.48 0.48 0.48 0.48 0.48 0.48 0.48 0.48 0.48 0.48 0.48 0.48 0.48 0.48 0.48 0.502 0.524 0.546 0.59 0.634 0.612 0.59 0.568 0.524 0.502 0.546 0.612 0.678 0.744 0.788 0.81 0.81 0.81 0.81 0.81 0.81 0.81 0.81 0.81 0.81 0.81 0.80133 0.784 0.758 0.74 0.719 -9999 -9999 -9999 -9999 -9999 -9999 -9999 -9999 -9999 -9999 -9999 -9999 -9999 -9999 -9999 -9999 -9999 -9999 -9999 -9999 -9999 -9999 -9999 -9999 -9999 -9999 -9999 -9999 -9999 -9999 -9999
0.52 0.48 0.48 0.48 0.48 0.48 0.48 0.48 0.48 0.48 0.48 0.48 0.48 0.48 0.48 0.502 0.546 0.59 0.634 0.7 0.722 0.678 0.634 0.59 0.546 0.546 0.612 0.678 0.744 0.788 0.81 0.81 0.81 0.81 0.81 0.81 0.81 0.81 0.81 0.81 0.81 0.80133 0.784 0.758 0.732 0.7125 0.69444 -9999 -9999 -9999 -9999 -9999 -9999 -9999 -9999 -9999 -9999 -9999 -9999 -9999 -9999 -9999 -9999 -9999 -9999 -9999 -9999 -9999 -9999 -9999 -9999 -9999 -9999 -9999 -9999 -9999 -9999 -9999
0.52 0.48 0.48 0.48 0.48 0.48 0.48 0.48 0.48 0.48 0.48 0.48 0.48 0.48 0.502 0.546 0.612 0.678 0.744 0.788 0.766 0.7 0.634 0.59 0.568 0.612 0.678 0.744 0.788 0.81 0.81 0.81 0.81 0.81 0.81 0.81 0.81 0.81 0.81 0.81 0.81 0.79267 0.76667 0.74067 0.71714 0.69182 0.68 -9999 -9999 -9999 -9999 -9999 -9999 -9999 -9999 -9999 -9999 -9999 -9999 -9999 -9999 -9999 -9999 -9999 -9999 -9999 -9999 -9999 -9999 -9999 -9999 -9999 -9999 -9999 -9999 -9999 -9999 -9999
0.53333 0.49333 0.48 0.48 0.48 0.48 0.48 0.48 0.48 0.48 0.48 0.48 0.48 0.502 0.546 0.612 0.678 0.744 0.788 0.81 0.744 0.678 0.634 0.612 0.612 0.678 0.744 0.788 0.81 0.81 0.81 0.81 0.81 0.81 0.81 0.81 0.81 0.81 0.81 0.81 0.81 0.79143 0.77 0.74 0.71545 0.68 -9999 -9999 -9999 -9999 -9999 -9999 -9999 -9999 -9999 -9999 -9999 -9999 -9999 -9999 -9999 -9999 -9999 -9999 -9999 -9999 -9999 -9999 -9999 -9999 -9999 -9999 -9999 -9999 -9999 -9999 -9999 -9999
