data/Petrone_etal_2016/Active_Layer_Depth/tbl_al_thickness_wgs84.asc
ncols         866
nrows         297
xllcorner     -50.201966770779
yllcorner     67.120582669113
cellsize      7.2870550417999e-005
NODATA_value  -9999
[rows 140 to 174 of 297, columns 237 to 315 of 866]
-9999 -9999 -9999 -9999 -9999 -9999 -9999 -9999 -9999 -9999 -9999 -9999 -9999 -9999 -9999 -9999 -9999 -9999 -9999 -9999 -9999 -9999 -9999 -9999 -9999 -9999 -9999 -9999 -9999 -9999 -9999 -9999 -9999 -9999 -9999 -9999 -9999 -9999 -9999 -9999 -9999 -9999 -9999 -9999 -9999 -9999 -9999 -9999 -9999 -9999 -9999 -9999 -9999 -9999 -9999 -9999 -9999 -9999 -9999 -9999 -9999 -9999 -9999 -9999 -9999 -9999 -9999 -9999 -9999 -9999 -9999 -9999 -9999 -9999 -9999 -9999 -9999 -9999 -9999
-9999 -9999 -9999 -9999 -9999 -9999 -9999 -9999 -9999 -9999 -9999 -9999 -9999 -9999 -9999 -9999 -9999 -9999 -9999 -9999 -9999 -9999 -9999 -9999 -9999 -9999 -9999 -9999 -9999 -9999 -9999 -9999 -9999 -9999 -9999 -9999 -9999 -9999 -9999 -9999 -9999 -9999 -9999 -9999 -9999 -9999 -9999 -9999 -9999 -9999 -9999 -9999 -9999 -9999 -9999 -9999 -9999 -9999 -9999 -9999 -9999 -9999 -9999 -9999 -9999 -9999 -9999 -9999 -9999 -9999 -9999 -9999 -9999 -9999 -9999 -9999 -9999 -9999 -9999
-9999 -9999 -9999 -9999 -9999 -9999 -9999 -9999 -9999 -9999 -9999 -9999 -9999 -9999 -9999 -9999 -9999 -9999 -9999 -9999 -9999 -9999 -9999 -9999 -9999 -9999 -9999 -9999 -9999 -9999 -9999 -9999 -9999 -9999 -9999 -9999 -9999 -9999 -9999 -9999 -9999 -9999 -9999 -9999 -9999 -9999 -9999 -9999 -9999 -9999 -9999 -9999 -9999 -9999 -9999 -9999 -9999 -9999 -9999 -9999 -9999 -9999 -9999 -9999 -9999 -9999 -9999 -9999 -9999 -9999 -9999 -9999 -9999 -9999 -9999 -9999 -9999 -9999 -9999
-9999 -9999 -9999 -9999 -9999 -9999 -9999 -9999 -9999 -9999 -9999 -9999 -9999 -9999 -9999 -9999 -9999 -9999 -9999 -9999 -9999 -9999 -9999 -9999 -9999 -9999 -9999 -9999 -9999 -9999 -9999 -9999 -9999 -9999 -9999 -9999 -9999 -9999 -9999 -9999 -9999 -9999 -9999 -9999 -9999 -9999 -9999 -9999 -9999 -9999 -9999 -9999 -9999 -9999 -9999 -9999 -9999 -9999 -9999 -9999 -9999 -9999 -9999 -9999 -9999 -9999 -9999 -9999 -9999 -9999 -9999 -9999 -9999 -9999 -9999 -9999 -9999 -9999 -9999
-9999 -9999 -9999 -9999 -9999 -9999 -9999 -9999 -9999 -9999 -9999 -9999 -9999 -9999 -9999 -9999 -9999 -9999 -9999 -9999 -9999 -9999 -9999 -9999 -9999 -9999 -9999 -9999 -9999 -9999 -9999 -9999 -9999 -9999 -9999 -9999 -9999 -9999 -9999 -9999 -9999 -9999 -9999 -9999 -9999 -9999 -9999 -9999 -9999 -9999 -9999 -9999 -9999 -9999 -9999 -9999 -9999 -9999 -9999 -9999 -9999 -9999 -9999 -9999 -9999 -9999 -9999 -9999 -9999 -9999 -9999 -9999 -9999 -9999 -9999 -9999 -9999 -9999 -9999
-9999 -9999 -9999 -9999 -9999 -9999 -9999 -9999 -9999 -9999 -9999 -9999 -9999 -9999 -9999 -9999 -9999 -9999 -9999 -9999 -9999 -9999 -9999 -9999 -9999 -9999 -9999 -9999 -9999 -9999 -9999 -9999 -9999 -9999 -9999 -9999 -9999 -9999 -9999 -9999 -9999 -9999 -9999 -9999 -9999 -9999 -9999 -9999 -9999 -9999 -9999 -9999 -9999 -9999 -9999 -9999 -9999 -9999 -9999 -9999 -9999 -9999 -9999 -9999 -9999 -9999 -9999 -9999 -9999 -9999 -9999 -9999 -9999 -9999 -9999 -9999 -9999 -9999 -9999
-9999 -9999 -9999 -9999 -9999 -9999 -9999 -9999 -9999 -9999 -9999 -9999 -9999 -9999 -9999 -9999 -9999 -9999 -9999 -9999 -9999 -9999 -9999 -9999 -9999 -9999 -9999 -9999 -9999 -9999 -9999 -9999 -9999 -9999 -9999 -9999 -9999 -9999 -9999 -9999 -9999 -9999 -9999 -9999 -9999 -9999 -9999 -9999 -9999 -9999 -9999 -9999 -9999 -9999 -9999 -9999 -9999 -9999 -9999 -9999 -9999 -9999 -9999 -9999 -9999 -9999 -9999 -9999 -9999 -9999 -9999 -9999 -9999 -9999 -9999 -9999 -9999 -9999 0.81
-9999 -9999 -9999 -9999 -9999 -9999 -9999 -9999 -9999 -9999 -9999 -9999 -9999 -9999 -9999 -9999 -9999 -9999 -9999 -9999 -9999 -9999 -9999 -9999 -9999 -9999 -9999 -9999 -9999 -9999 -9999 -9999 -9999 -9999 -9999 -9999 -9999 -9999 -9999 -9999 -9999 -9999 -9999 -9999 -9999 -9999 -9999 -9999 -9999 -9999 -9999 -9999 -9999 -9999 -9999 -9999 -9999 -9999 -9999 -9999 -9999 -9999 -9999 -9999 -9999 -9999 -9999 -9999 -9999 -9999 -9999 -9999 -9999 -9999 -9999 -9999 -9999 -9999 0.81
-9999 -9999 -9999 -9999 -9999 -9999 -9999 -9999 -9999 -9999 -9999 -9999 -9999 -9999 -9999 -9999 -9999 -9999 -9999 -9999 -9999 -9999 -9999 -9999 -9999 -9999 -9999 -9999 -9999 -9999 -9999 -9999 -9999 -9999 -9999 -9999 -9999 -9999 -9999 -9999 -9999 -9999 -9999 -9999 -9999 -9999 -9999 -9999 -9999 -9999 -9999 -9999 -9999 -9999 -9999 -9999 -9999 -9999 -9999 -9999 -9999 -9999 -9999 -9999 -9999 -9999 -9999 -9999 -9999 -9999 -9999 -9999 -9999 -9999 -9999 -9999 0.81 0.81 0.91818
-9999 -9999 -9999 -9999 -9999 -9999 -9999 -9999 -9999 -9999 -9999 -9999 -9999 -9999 -9999 -9999 -9999 -9999 -9999 -9999 -9999 -9999 -9999 -9999 -9999 -9999 -9999 -9999 -9999 -9999 -9999 -9999 -9999 -9999 -9999 -9999 -9999 -9999 -9999 -9999 -9999 -9999 -9999 -9999 -9999 -9999 -9999 -9999 -9999 0.9 0.9 1.175 1.175 1.34 1.56 1.56 1.8114 -9999 -9999 -9999 -9999 -9999 -9999 -9999 -9999 -9999 -9999 -9999 -9999 -9999 -9999 -9999 -9999 -9999 -9999 -9999 1.167 1.167 1.3592
-9999 -9999 -9999 -9999 -9999 -9999 -9999 -9999 -9999 -9999 -9999 -9999 -9999 -9999 -9999 -9999 -9999 -9999 -9999 -9999 -9999 -9999 -9999 -9999 -9999 -9999 -9999 -9999 -9999 -9999 -9999 -9999 -9999 -9999 -9999 -9999 -9999 -9999 -9999 -9999 -9999 -9999 -9999 -9999 -9999 -9999 -9999 -9999 1.01 1.28 1.28 1.4343 1.648 1.648 1.824 1.824 2 2 2 2 2 2 2 2 -9999 -9999 -9999 -9999 -9999 -9999 -9999 -9999 -9999 -9999 -9999 1.2427 1.4508 1.3509 1.49
-9999 -9999 -9999 -9999 -9999 -9999 -9999 -9999 -9999 -9999 -9999 -9999 -9999 -9999 -9999 -9999 -9999 -9999 -9999 -9999 -9999 -9999 -9999 -9999 -9999 -9999 -9999 -9999 -9999 -9999 -9999 -9999 -9999 -9999 -9999 -9999 -9999 -9999 -9999 -9999 -9999 -9999 -9999 -9999 -9999 -9999 -9999 -9999 1.34 1.4923 1.4923 1.648 1.7447 1.7447 1.7533 1.7533 1.762 1.6827 1.6827 1.6033 1.66 1.66 1.7254 1.7254 1.8017 1.8918 1.8918 2 1.881 1.881 1.762 1.7836 1.7836 1.7025 1.7025 1.5423 1.66 1.66 1.762
-9999 -9999 -9999 -9999 -9999 -9999 -9999 -9999 -9999 -9999 -9999 -9999 -9999 -9999 -9999 -9999 -9999 -9999 -9999 -9999 -9999 -9999 -9999 -9999 -9999 -9999 -9999 -9999 -9999 -9999 -9999 -9999 -9999 -9999 -9999 -9999 -9999 -9999 -9999 -9999 -9999 -9999 -9999 -9999 -9999 -9999 1.472 1.472 1.5938 1.736 1.736 2 1.762 1.762 1.524 1.524 1.286 1.048 1.048 0.81 1.048 1.048 1.2067 1.286 1.286 1.4447 1.4447 1.6827 1.6827 1.6827 1.762 1.9207 1.9207 2 2 1.9207 1.8413 1.8413 1.6827
-9999 -9999 -9999 -9999 -9999 -9999 -9999 -9999 -9999 -9999 -9999 -9999 -9999 -9999 -9999 -9999 -9999 -9999 -9999 -9999 -9999 -9999 -9999 -9999 -9999 -9999 -9999 -9999 -9999 -9999 -9999 -9999 -9999 -9999 -9999 -9999 -9999 -9999 -9999 -9999 -9999 -9999 -9999 0.82667 1.12 1.12 1.34 1.34 1.4807 1.586 1.586 1.6033 1.3653 1.3653 1.1273 1.1273 0.96867 0.88933 0.88933 0.81 0.88933 0.88933 1.048 1.048 1.048 1.1273 1.1273 1.3653 1.4447 1.4447 1.6033 1.8413 1.8413 1.9207 1.9207 1.762 1.6033 1.6033 1.3653
-9999 -9999 -9999 -9999 -9999 -9999 -9999 -9999 -9999 -9999 -9999 -9999 -9999 -9999 -9999 -9999 -9999 -9999 -9999 -9999 -9999 -9999 -9999 -9999 -9999 -9999 -9999 -9999 -9999 -9999 -9999 -9999 -9999 -9999 -9999 -9999 -9999 -9999 -9999 -9999 -9999 0.944 0.944 1.01 1.2457 1.2457 1.3927 1.3927 1.498 1.436 1.436 1.286 1.048 1.048 0.88933 0.88933 0.81 0.81 0.81 0.81 0.81 0.81 0.81 0.81 0.81 0.81 0.81 0.88933 1.048 1.048 1.2067 1.3653 1.3653 1.3653 1.3653 1.286 1.12 1.12 0.96133
-9999 -9999 -9999 -9999 -9999 -9999 -9999 -9999 -9999 -9999 -9999 -9999 -9999 -9999 -9999 -9999 -9999 -9999 -9999 -9999 -9999 -9999 -9999 -9999 -9999 -9999 -9999 -9999 -9999 -9999 -9999 -9999 -9999 -9999 -9999 1.868 1.56 1.56 1.34 1.34 1.296 1.296 1.296 1.384 1.5687 1.5687 1.5947 1.5947 1.4447 1.2067 1.2067 0.96867 0.81 0.81 0.81 0.81 0.81 0.81 0.81 0.81 0.81 0.81 0.81 0.81 0.81 0.81 0.81 0.81 0.81 0.81 0.81 0.81 0.81 0.81 0.81 0.81 0.80267 0.80267 0.79533
-9999 -9999 -9999 -9999 -9999 -9999 -9999 -9999 -9999 -9999 -9999 -9999 -9999 -9999 -9999 -9999 -9999 -9999 -9999 -9999 -9999 -9999 -9999 -9999 -9999 -9999 -9999 1.43 1.43 1.5855 1.6743 1.6743 1.8987 1.912 1.912 1.648 1.384 1.384 1.208 1.208 1.208 1.296 1.296 1.56 1.586 1.586 1.6033 1.6033 1.3653 1.1273 1.1273 0.88933 0.81 0.81 0.81 0.81 0.81 0.81 0.81 0.81 0.81 0.81 0.81 0.81 0.81 0.81 0.81 0.81 0.81 0.81 0.81 0.81 0.81 0.81 0.81 0.81 0.81 0.81 0.80267
-9999 -9999 -9999 -9999 -9999 -9999 -9999 -9999 -9999 -9999 -9999 -9999 -9999 -9999 -9999 -9999 -9999 -9999 -9999 -9999 -9999 -9999 -9999 -9999 -9999 -9999 -9999 0.936 0.936 1.1815 1.392 1.392 1.696 1.8107 1.8107 1.6567 1.4807 1.4807 1.3927 1.3927 1.3927 1.4013 1.4013 1.5773 1.5153 1.5153 1.3653 1.3653 1.1273 0.96867 0.96867 0.81 0.81 0.81 0.81 0.81 0.81 0.81 0.81 0.81 0.81 0.81 0.81 0.81 0.81 0.81 0.81 0.81 0.81 0.81 0.81 0.81 0.81 0.81 0.81 0.81 0.81 0.81 0.81
-9999 -9999 -9999 -9999 -9999 -9999 -9999 -9999 -9999 -9999 -9999 -9999 -9999 -9999 -9999 -9999 -9999 -9999 -9999 -9999 -9999 -9999 -9999 -9999 0.48 0.48 0.48 0.50357 0.64733 0.64733 0.872 0.872 1.0967 1.242 1.242 1.286 1.286 1.286 1.286 1.286 1.286 1.2067 1.2067 1.2067 1.1273 1.1273 0.96867 0.81 0.81 0.81 0.81 0.81 0.81 0.81 0.81 0.81 0.81 0.81 0.81 0.81 0.81 0.81 0.81 0.81 0.81 0.81 0.81 0.81 0.81 0.81 0.81 0.788 0.788 0.766 0.744 0.744 0.81 0.81 0.81
-9999 -9999 -9999 -9999 -9999 -9999 -9999 -9999 -9999 -9999 -9999 -9999 -9999 -9999 -9999 -9999 -9999 -9999 -9999 -9999 -9999 0.48 0.48 0.48 0.48 0.48 0.48 0.48 0.502 0.502 0.524 0.66933 0.79267 0.85867 0.85867 0.90267 0.92467 0.92467 0.94667 0.94667 0.96867 0.96867 0.96867 0.96867 0.96867 0.96867 0.88933 0.81 0.81 0.81 0.81 0.81 0.81 0.81 0.81 0.81 0.81 0.81 0.81 0.81 0.81 0.81 0.81 0.81 0.81 0.81 0.81 0.81 0.788 0.788 0.766 0.722 0.722 0.678 0.634 0.634 0.612 0.612 0.59
-9999 -9999 -9999 -9999 -9999 -9999 -9999 -9999 -9999 -9999 -9999 -9999 -9999 -9999 -9999 -9999 -9999 -9999 -9999 0.48 0.48 0.48 0.48 0.48 0.48 0.48 0.48 0.48 0.48 0.48 0.48 0.48 0.48 0.502 0.502 0.524 0.568 0.568 0.612 0.656 0.656 0.678 0.678 0.7 0.7 0.7 0.7 0.7 0.7 0.7 0.7 0.722 0.744 0.744 0.766 0.788 0.788 0.81 0.81 0.81 0.81 0.81 0.81 0.788 0.788 0.766 0.722 0.722 0.656 0.656 0.59 0.546 0.546 0.502 0.48 0.48 0.48 0.48 0.48
-9999 -9999 -9999 -9999 -9999 -9999 -9999 -9999 -9999 -9999 -9999 -9999 -9999 -9999 -9999 -9999 0.64889 0.60667 0.60667 0.48 0.48 0.48 0.48 0.48 0.48 0.48 0.48 0.48 0.48 0.48 0.48 0.48 0.48 0.48 0.48 0.48 0.48 0.48 0.48 0.48 0.48 0.48 0.48 0.48 0.48 0.48 0.48 0.48 0.48 0.48 0.48 0.502 0.524 0.524 0.546 0.568 0.568 0.59 0.59 0.59 0.59 0.7 0.7 0.678 0.678 0.656 0.612 0.612 0.568 0.568 0.524 0.502 0.502 0.48 0.48 0.48 0.48 0.48 0.48
-9999 -9999 -9999 -9999 -9999 -9999 -9999 -9999 -9999 -9999 -9999 -9999 -9999 1.8311 1.62 1.62 0.98667 0.80571 0.80571 0.58133 0.48 0.48 0.48 0.48 0.48 0.48 0.48 0.48 0.48 0.48 0.48 0.48 0.48 0.48 0.48 0.48 0.48 0.48 0.48 0.48 0.48 0.48 0.48 0.48 0.48 0.48 0.48 0.48 0.48 0.48 0.48 0.48 0.48 0.48 0.48 0.48 0.48 0.48 0.48 0.48 0.48 0.48 0.48 0.48 0.48 0.48 0.48 0.48 0.48 0.48 0.48 0.48 0.48 0.48 0.48 0.48 0.48 0.48 0.48
-9999 -9999 -9999 -9999 -9999 -9999 -9999 -9999 -9999 -9999 -9999 2 2 2 1.8914 1.8914 1.5947 1.2907 1.2907 0.98667 0.68267 0.68267 0.48 0.48 0.48 0.48 0.48 0.48 0.48 0.48 0.48 0.48 0.48 0.48 0.48 0.48 0.48 0.48 0.48 0.48 0.48 0.48 0.48 0.48 0.48 0.48 0.48 0.48 0.48 0.48 0.48 0.48 0.48 0.48 0.48 0.48 0.48 0.48 0.48 0.48 0.48 0.48 0.48 0.48 0.48 0.48 0.48 0.48 0.48 0.48 0.48 0.48 0.48 0.48 0.49467 0.49467 0.50933 0.53867 0.53867
-9999 -9999 -9999 -9999 -9999 -9999 2 2 2 2 2 2 2 2 2 2 1.7973 1.4933 1.4933 1.1893 0.88533 0.88533 0.58133 0.58133 0.48 0.48 0.48 0.58133 0.784 0.784 0.98667 1.1893 1.1893 1.392 1.392 1.392 1.1893 1.1893 0.98667 0.79733 0.79733 0.608 0.608 0.52 0.53333 0.53333 0.48 0.48 0.48 0.48 0.48 0.48 0.48 0.48 0.48 0.48 0.48 0.48 0.48 0.48 0.48 0.48 0.48 0.48 0.48 0.48 0.48 0.48 0.48 0.48 0.48 0.49467 0.49467 0.50933 0.53867 0.53867 0.568 0.612 0.612
-9999 -9999 -9999 -9999 -9999 2 2 2 2 2 2 2 2 2 2 2 1.8987 1.696 1.696 1.392 1.088 1.088 0.784 0.784 0.58133 0.48 0.48 0.68267 0.98667 0.98667 1.2907 1.5947 1.5947 1.8987 1.8987 1.8107 1.52 1.52 1.2293 0.952 0.952 0.67467 0.58667 0.58667 0.6 0.6 0.61333 0.6 0.6 0.57333 0.54667 0.54667 0.52 0.52 0.50667 0.50667 0.50667 0.52 0.53333 0.53333 0.54667 0.54667 0.54667 0.54667 0.54667 0.54667 0.53333 0.53333 0.52 0.52133 0.52133 0.552 0.552 0.58267 0.62667 0.62667 0.67067 0.7 0.7
2 2 2 2 2 2 2 2 2 2 2 2 2 2 2 2 2 2 2 1.696 1.392 1.392 1.088 0.88533 0.88533 0.58133 0.58133 0.784 1.088 1.088 1.392 1.4187 1.4187 1.5467 1.5467 1.384 1.12 1.12 0.856 0.768 0.768 0.68 0.68 0.68 0.68 0.68 0.68 0.68 0.68 0.65333 0.62667 0.62667 0.61333 0.61333 0.61333 0.61333 0.61333 0.64 0.66667 0.66667 0.68 0.68 0.68 0.68 0.68 0.68 0.66667 0.66667 0.65467 0.65867 0.65867 0.66267 0.66267 0.66667 0.684 0.684 0.68533 0.7 0.7
2 2 2 2 2 2 2 2 2 2 2 2 2 2 2 2 2 2 2 1.8987 1.5947 1.5947 1.2907 1.2907 1.2907 1.088 1.088 1.088 1.392 1.392 1.52 1.2427 1.2427 1.2827 1.2827 1.12 0.856 0.856 0.68 0.68 0.68 0.68 0.68 0.68 0.68 0.68 0.68 0.68 0.68 0.66667 0.65333 0.65333 0.65333 0.65333 0.65333 0.65333 0.65333 0.66667 0.68 0.68 0.68 0.68133 0.68133 0.68267 0.68267 0.68267 0.68267 0.68267 0.684 0.68533 0.68533 0.68667 0.69067 0.69067 0.69467 0.69467 0.69733 0.69867 0.69867
2 2 2 2 2 2 2 2 2 2 2 2 2 2 2 2 2 2 2 2 1.7093 1.7093 1.4187 1.4187 1.4187 1.3173 1.3173 1.3173 1.608 1.608 1.6347 1.3707 1.3707 1.208 0.944 0.944 0.68 0.68 0.68 0.68 0.68 0.68 0.68 0.68 0.68 0.68 0.68 0.68 0.68 0.68 0.768 0.768 0.768 0.768 0.768 0.768 0.768 0.768 0.68 0.68 0.68267 0.68667 0.68667 0.69067 0.69067 0.692 0.692 0.692 0.68933 0.68533 0.68533 0.68133 0.68133 0.68133 0.684 0.684 0.68667 0.69067 0.69067
2 2 2 2 2 2 2 2 2 2 2 2 2 2 2 2 2 2 2 2 1.912 1.912 1.736 1.56 1.56 1.472 1.472 1.384 1.384 1.384 1.296 1.208 1.208 1.032 0.856 0.856 0.68 0.68 0.68 0.68 0.68 0.768 0.856 0.856 0.944 0.944 1.032 1.208 1.208 1.296 1.3853 1.3853 1.3 1.2147 1.2147 1.04 1.04 0.86533 0.69067 0.69067 0.692 0.69067 0.69067 0.69333 0.69333 0.696 0.696 0.696 0.692 0.688 0.688 0.684 0.68133 0.68133 0.68133 0.68133 0.68267 0.68533 0.68533
2 2 2 2 2 2 2 2 2 2 2 2 2 2 2 2 2 2 2 2 2 2 1.912 1.648 1.648 1.472 1.296 1.296 1.12 1.12 0.944 0.944 0.944 0.856 0.768 0.768 0.68 0.68 0.768 0.856 0.856 1.032 1.208 1.208 1.384 1.472 1.472 1.648 1.648 1.6493 1.564 1.564 1.392 1.22 1.22 0.95867 0.95867 0.784 0.69733 0.69733 0.69733 0.69733 0.69733 0.69867 0.7 0.7 0.7 0.7 0.69867 0.696 0.696 0.692 0.688 0.688 0.684 0.684 0.68133 0.68 0.68
2 2 2 2 2 2 2 2 2 2 2 2 2 2 2 2 2 2 2 2 2 2 2 1.7447 1.7447 1.4893 1.3133 1.3133 1.1373 1.1373 0.87333 0.95267 0.95267 1.032 1.032 1.032 1.12 1.12 1.384 1.56 1.56 1.736 1.8253 1.8253 1.74 1.5667 1.5667 1.3933 1.3933 1.1333 0.96 0.96 0.87333 0.78667 0.78667 0.7 0.7 0.7 0.7 0.7 0.7 0.7 0.7 0.7 0.7 0.7 0.7 0.7 0.7 0.7 0.7 0.69867 0.69733 0.69733 0.696 0.696 0.69333 0.69067 0.69067
2 2 2 2 2 2 2 2 2 2 2 2 2 2 2 2 2 2 2 2 2 2 2 1.762 1.762 1.524 1.4447 1.4447 1.4447 1.4447 1.3567 1.5947 1.5947 1.8327 1.912 1.912 1.912 1.912 1.9133 1.74 1.74 1.5667 1.3067 1.3067 1.0467 0.87333 1.1333 0.96 0.96 0.78667 0.7 0.7 0.7 0.7 0.7 0.7 0.7 0.7 0.7 0.7 0.7 0.7 0.7 0.7 0.7 0.7 0.7 0.7 0.7 0.7 0.7 0.7 0.7 0.7 0.7 0.69867 0.69867 0.69733 0.69733
2 2 2 2 2 2 2 2 2 2 2 2 2 2 2 2 2 1.9133 1.8267 1.8267 1.7473 1.7473 1.668 1.43 1.43 1.2787 1.2067 1.2067 1.286 1.286 1.3653 1.6033 1.6033 1.8413 1.9207 1.9207 1.8413 1.668 1.668 1.408 1.408 1.148 0.96733 0.96733 0.78667 0.7 0.7 0.7 0.7 0.7 0.7 0.7 0.7 0.7 0.7 0.7 0.7 0.7 0.7 0.7 0.7 0.7 0.7 0.7 0.7 0.7 0.7 0.7 0.7 0.7 0.7 0.7 0.7 0.7 0.7 0.69867 0.69867 0.696 0.696
2 2 2 2 2 2 2 2 2 2 2 1.9133 1.8267 1.8267 1.74 1.5667 1.5667 1.314 1.1553 1.1553 1.004 1.004 0.85267 0.788 0.788 0.80267 0.81 0.81 0.96867 0.96867 1.2067 1.3653 1.3653 1.4447 1.4447 1.4447 1.286 1.0333 1.0333 0.85267 0.85267 0.75133 0.72933 0.72933 0.70733 0.7 0.7 0.7 0.7 0.7 0.7 0.7 0.7 0.7 0.7 0.7 0.7 0.7 0.7 0.7 0.7 0.7 0.7 0.7 0.69867 0.69867 0.69733 0.69733 0.69467 0.692 0.692 0.68933 0.688 0.688 0.68667 0.692 0.692 0.68933 0.68933
