data/Petrone_etal_2016/Active_Layer_Depth/tbl_al_thickness_utm22n.asc
ncols         541
nrows         475
xllcorner     534622.5
yllcorner     7445082.5
cellsize      5
NODATA_value  -9999
[rows 315 to 349 of 475, columns 0 to 77 of 541]
-9999 -9999 -9999 -9999 -9999 -9999 -9999 -9999 -9999 -9999 -9999 -9999 -9999 -9999 -9999 -9999 -9999 -9999 -9999 -9999 -9999 -9999 -9999 -9999 -9999 -9999 -9999 -9999 -9999 -9999 -9999 -9999 -9999 -9999 -9999 -9999 -9999 -9999 -9999 -9999 -9999 2 2 1.9057 1.736 1.56 1.384 1.208 1.032 1.032 1.208 1.384 1.56 1.824 2 2 2 2 2 2 1.912 1.648 1.384 1.12 0.856 0.68 0.68 0.68 0.68 0.68 0.68 0.68 0.68 0.68 0.68 0.68 0.684 0.688
-9999 -9999 -9999 -9999 -9999 -9999 -9999 -9999 -9999 -9999 -9999 -9999 -9999 -9999 -9999 -9999 -9999 -9999 -9999 -9999 -9999 -9999 -9999 -9999 -9999 -9999 -9999 -9999 -9999 -9999 -9999 -9999 -9999 -9999 -9999 -9999 -9999 -9999 -9999 -9999 2 2 2 2 1.912 1.824 1.736 1.648 1.472 1.296 1.296 1.384 1.472 1.648 1.912 2 2 2 2 1.912 1.736 1.472 1.208 0.944 0.768 0.68 0.68 0.68 0.68 0.68 0.68 0.68 0.68 0.68 0.68 0.68 0.684 0.688
-9999 -9999 -9999 -9999 -9999 -9999 -9999 -9999 -9999 -9999 -9999 -9999 -9999 -9999 -9999 -9999 -9999 -9999 -9999 -9999 -9999 -9999 -9999 -9999 -9999 -9999 -9999 -9999 -9999 -9999 -9999 -9999 -9999 -9999 -9999 -9999 -9999 -9999 -9999 2 2 2 2 2 2 2 2 2 1.912 1.648 1.472 1.472 1.472 1.56 1.824 2 2 2 2 1.824 1.56 1.296 1.032 0.768 0.68 0.68 0.68 0.68 0.68 0.68 0.68 0.68 0.68 0.68 0.68133 0.68267 0.68667 0.69067
-9999 -9999 -9999 -9999 -9999 -9999 -9999 -9999 -9999 -9999 -9999 -9999 -9999 -9999 -9999 -9999 -9999 -9999 -9999 -9999 -9999 -9999 -9999 -9999 -9999 -9999 -9999 -9999 -9999 -9999 -9999 -9999 -9999 -9999 -9999 -9999 -9999 -9999 2 2 2 2 2 2 2 2 2 2 2 1.824 1.56 1.56 1.56 1.56 1.736 2 2 2 1.912 1.648 1.384 1.12 0.856 0.68 0.68 0.68 0.68 0.68 0.68 0.68 0.68 0.68 0.68 0.68 0.68267 0.68533 0.68933 0.69333
-9999 -9999 -9999 -9999 -9999 -9999 -9999 -9999 -9999 -9999 -9999 -9999 -9999 -9999 -9999 -9999 -9999 -9999 -9999 -9999 -9999 -9999 -9999 -9999 -9999 -9999 -9999 -9999 -9999 -9999 -9999 -9999 -9999 -9999 -9999 -9999 -9999 2 2 2 2 2 2 2 2 2 2 2 2 1.912 1.736 1.648 1.648 1.648 1.736 1.912 2 1.912 1.736 1.472 1.208 0.944 0.768 0.68 0.68 0.68 0.68 0.68 0.68 0.68 0.68 0.68 0.68 0.68 0.684 0.688 0.692 0.696
-9999 -9999 -9999 -9999 -9999 -9999 -9999 -9999 -9999 -9999 -9999 -9999 -9999 -9999 -9999 -9999 -9999 -9999 -9999 -9999 -9999 -9999 -9999 -9999 -9999 -9999 -9999 -9999 -9999 -9999 -9999 -9999 -9999 -9999 -9999 -9999 2 2 2 2 2 2 2 2 2 2 2 2 2 2 1.912 1.824 1.824 1.824 1.824 1.912 2 1.824 1.56 1.296 1.032 0.768 0.68 0.68 0.68 0.68 0.68 0.68 0.68 0.68 0.68 0.68 0.68 0.68 0.68267 0.68667 0.69067 0.69333
-9999 -9999 -9999 -9999 -9999 -9999 -9999 -9999 -9999 -9999 -9999 -9999 -9999 -9999 -9999 -9999 -9999 -9999 -9999 -9999 -9999 -9999 -9999 -9999 -9999 -9999 -9999 -9999 -9999 -9999 -9999 -9999 -9999 -9999 -9999 1.868 2 2 2 2 2 2 2 2 2 2 2 2 2 2 2 1.912 1.912 1.912 1.912 1.912 1.912 1.648 1.384 1.12 0.856 0.68 0.68 0.68 0.68 0.68 0.68 0.68 0.68 0.68 0.68 0.68 0.68 0.68 0.68133 0.684 0.68667 0.688
-9999 -9999 -9999 -9999 -9999 -9999 -9999 -9999 -9999 -9999 -9999 -9999 -9999 -9999 -9999 -9999 -9999 -9999 -9999 -9999 -9999 -9999 -9999 -9999 -9999 -9999 -9999 -9999 -9999 -9999 -9999 -9999 -9999 1.4343 1.604 1.6954 1.9057 2 2 2 2 2 2 2 2 2 2 2 2 2 2 2 2 2 2 1.912 1.736 1.472 1.208 0.944 0.768 0.68 0.68 0.68 0.68 0.68 0.68 0.68 0.68 0.68 0.68 0.68 0.68 0.68 0.68 0.68133 0.68267 0.68267
-9999 -9999 -9999 -9999 -9999 -9999 -9999 -9999 -9999 -9999 -9999 -9999 -9999 -9999 -9999 -9999 -9999 -9999 -9999 -9999 -9999 -9999 -9999 -9999 -9999 -9999 -9999 -9999 -9999 -9999 -9999 -9999 -9999 1.2667 1.45 1.56 1.824 2 2 2 2 2 1.912 1.912 1.912 1.912 1.912 2 2 2 2 2 2 2 1.912 1.736 1.472 1.208 0.944 0.768 0.68 0.68 0.68 0.68 0.68 0.68 0.68 0.68 0.68 0.68 0.68 0.68 0.68 0.68 0.68 0.68 0.68 0.68
-9999 -9999 -9999 -9999 -9999 -9999 -9999 -9999 -9999 -9999 -9999 -9999 -9999 -9999 -9999 -9999 -9999 -9999 -9999 -9999 -9999 -9999 -9999 -9999 -9999 -9999 -9999 -9999 -9999 -9999 -9999 -9999 -9999 1.12 1.34 1.472 1.648 1.912 2 2 1.912 1.824 1.648 1.56 1.56 1.648 1.736 1.912 2 2 2 2 2 2 1.824 1.56 1.296 1.032 0.768 0.68 0.68 0.68 0.68 0.68 0.68 0.68 0.68 0.68 0.68 0.68 0.68 0.68 0.68 0.68 0.68 0.68 0.68 0.68
-9999 -9999 -9999 -9999 -9999 -9999 -9999 -9999 -9999 -9999 -9999 -9999 -9999 -9999 -9999 -9999 -9999 -9999 -9999 -9999 -9999 -9999 -9999 -9999 -9999 -9999 -9999 -9999 -9999 -9999 -9999 -9999 -9999 1.4133 1.45 1.56 1.648 1.824 1.912 1.912 1.736 1.56 1.296 1.12 1.208 1.384 1.56 1.824 2 2 2 2 2 1.912 1.648 1.384 1.12 0.856 0.68 0.68 0.68 0.68 0.68 0.68 0.68 0.68 0.68 0.68 0.68 0.68 0.68 0.68 0.68 0.68 0.68 0.68 0.68 0.68
-9999 -9999 -9999 -9999 -9999 -9999 -9999 -9999 -9999 -9999 -9999 -9999 -9999 -9999 -9999 -9999 -9999 -9999 -9999 -9999 -9999 -9999 -9999 -9999 -9999 -9999 -9999 -9999 -9999 -9999 -9999 -9999 -9999 1.7067 1.56 1.648 1.648 1.736 1.824 1.824 1.56 1.296 1.12 0.944 1.12 1.384 1.648 1.824 2 2 2 2 2 1.824 1.56 1.296 1.032 0.768 0.68 0.68 0.68 0.68 0.68 0.68 0.68 0.68 0.68 0.68 0.68 0.68 0.68 0.68 0.68 0.68 0.68 0.68 0.68 0.68
-9999 -9999 -9999 -9999 -9999 -9999 -9999 -9999 -9999 -9999 -9999 -9999 -9999 -9999 -9999 -9999 -9999 -9999 -9999 -9999 -9999 -9999 -9999 -9999 -9999 -9999 -9999 -9999 -9999 -9999 -9999 -9999 -9999 2 1.67 1.648 1.56 1.472 1.384 1.384 1.296 1.208 1.208 1.208 1.472 1.648 1.824 1.912 2 2 2 1.912 1.824 1.56 1.296 1.032 0.856 0.68 0.68 0.68 0.68 0.68 0.68 0.68 0.68 0.68 0.68 0.68 0.68 0.68 0.68 0.68 0.68 0.68 0.68 0.68 0.68 0.68
-9999 -9999 -9999 -9999 -9999 -9999 -9999 -9999 -9999 -9999 -9999 -9999 -9999 -9999 -9999 -9999 -9999 -9999 -9999 -9999 -9999 -9999 -9999 -9999 -9999 -9999 -9999 -9999 -9999 -9999 -9999 -9999 -9999 1.67 1.4 1.34 1.208 1.12 1.032 1.12 1.208 1.296 1.472 1.648 1.824 1.912 2 2 2 2 1.912 1.736 1.56 1.296 1.032 0.856 0.768 0.68 0.68 0.68 0.68 0.68 0.68 0.68 0.68 0.68 0.68 0.68 0.68 0.68 0.68 0.68 0.68 0.68 0.68 0.68 0.68 0.68
-9999 -9999 -9999 -9999 -9999 -9999 -9999 -9999 -9999 -9999 -9999 -9999 -9999 -9999 -9999 -9999 -9999 -9999 -9999 -9999 -9999 -9999 -9999 -9999 -9999 -9999 -9999 -9999 -9999 -9999 -9999 -9999 -9999 -9999 1.076 0.98462 0.856 0.768 0.68 0.768 1.032 1.296 1.56 1.824 2 2 2 2 2 2 1.824 1.56 1.296 1.032 0.768 0.68 0.68 0.68 0.68 0.68 0.68 0.68 0.68 0.68 0.68 0.68 0.68 0.68 0.68 0.68 0.68 0.68 0.68 0.68 0.68 0.68 0.68 0.68
-9999 -9999 -9999 -9999 -9999 -9999 -9999 -9999 -9999 -9999 -9999 -9999 -9999 -9999 -9999 -9999 -9999 -9999 -9999 -9999 -9999 -9999 -9999 -9999 -9999 -9999 -9999 -9999 -9999 -9999 -9999 -9999 -9999 -9999 0.68 0.68 0.68 0.68 0.68 0.768 1.032 1.296 1.56 1.824 2 2 2 2 2 1.912 1.648 1.384 1.12 0.856 0.68 0.68 0.68 0.68 0.68 0.68 0.68 0.68 0.68 0.68 0.68 0.68 0.68 0.68 0.68 0.68 0.68 0.68 0.68 0.68 0.68 0.68 0.68 0.68
-9999 -9999 -9999 -9999 -9999 -9999 -9999 -9999 -9999 -9999 -9999 -9999 -9999 -9999 -9999 -9999 -9999 -9999 -9999 -9999 -9999 -9999 -9999 -9999 -9999 -9999 -9999 -9999 -9999 -9999 -9999 -9999 -9999 -9999 0.68 0.68 0.68 0.68 0.68 0.768 1.032 1.296 1.56 1.824 2 2 2 2 1.912 1.736 1.472 1.208 0.944 0.768 0.68 0.68 0.68 0.68 0.68 0.68 0.68 0.68 0.68 0.68 0.68 0.68 0.68 0.68 0.68 0.68 0.68 0.68 0.68 0.68 0.68 0.68 0.68 0.68
-9999 -9999 -9999 -9999 -9999 -9999 -9999 -9999 -9999 -9999 -9999 -9999 -9999 -9999 -9999 -9999 -9999 -9999 -9999 -9999 -9999 -9999 -9999 -9999 -9999 -9999 -9999 -9999 -9999 -9999 -9999 -9999 -9999 -9999 0.68222 0.68167 0.68133 0.68 0.768 0.944 1.208 1.472 1.736 1.912 2 2 2 1.912 1.736 1.472 1.208 0.944 0.768 0.68 0.68 0.68 0.68 0.68 0.68 0.68 0.68 0.68 0.68 0.68 0.68 0.68 0.68 0.68 0.68 0.68 0.68 0.68 0.68 0.68 0.68 0.68 0.68 0.68
-9999 -9999 -9999 -9999 -9999 -9999 -9999 -9999 -9999 -9999 -9999 -9999 -9999 -9999 -9999 -9999 -9999 -9999 -9999 -9999 -9999 -9999 -9999 -9999 -9999 -9999 -9999 -9999 -9999 -9999 -9999 -9999 -9999 -9999 0.68889 0.68667 0.68533 0.68267 0.85733 1.12 1.384 1.648 1.912 2 2 2 1.912 1.736 1.472 1.208 0.944 0.768 0.68 0.68 0.68 0.68 0.68 0.68 0.68 0.68 0.68 0.68 0.68 0.68 0.68 0.68 0.68 0.68 0.68 0.68 0.68 0.68 0.68 0.68 0.68 0.68 0.68 0.68
-9999 -9999 -9999 -9999 -9999 -9999 -9999 -9999 -9999 -9999 -9999 -9999 -9999 -9999 -9999 -9999 -9999 -9999 -9999 -9999 -9999 -9999 -9999 -9999 -9999 -9999 -9999 -9999 -9999 -9999 -9999 -9999 -9999 -9999 0.69556 0.69333 0.77867 0.86267 1.124 1.3853 1.648 1.824 2 2 2 2 1.824 1.56 1.296 1.032 0.768 0.68 0.68 0.68 0.68 0.68 0.68 0.68 0.68 0.68 0.68 0.68 0.68 0.68 0.68 0.68 0.68 0.68 0.68 0.68 0.68 0.68 0.68 0.68 0.68 0.68 0.68 0.68
-9999 -9999 -9999 -9999 -9999 -9999 -9999 -9999 -9999 -9999 -9999 -9999 -9999 -9999 -9999 -9999 -9999 -9999 -9999 -9999 -9999 -9999 -9999 -9999 -9999 -9999 -9999 -9999 -9999 -9999 -9999 -9999 -9999 -9999 0.7 0.80667 0.95733 1.1293 1.3893 1.6493 1.824 1.912 2 2 2 2 1.736 1.472 1.208 0.944 0.68 0.68 0.68 0.68 0.68 0.68 0.68 0.68 0.68 0.68 0.68 0.68 0.68 0.68 0.68 0.68 0.68 0.68 0.68 0.68 0.68 0.68 0.68 0.68 0.68 0.68 0.68 0.68
-9999 -9999 -9999 -9999 -9999 -9999 -9999 -9999 -9999 -9999 -9999 -9999 -9999 -9999 -9999 -9999 -9999 -9999 -9999 -9999 -9999 -9999 -9999 -9999 -9999 -9999 -9999 -9999 -9999 -9999 -9999 -9999 -9999 -9999 0.84444 1.025 1.22 1.48 1.74 1.9133 2 2 2 2 2 1.912 1.648 1.384 1.12 0.856 0.68 0.68 0.68 0.68 0.68 0.68 0.68 0.68 0.68 0.68 0.68 0.68 0.68 0.68 0.68 0.68 0.68 0.68 0.68 0.68 0.68 0.68 0.68 0.68 0.68 0.68 0.68 0.68
-9999 -9999 -9999 -9999 -9999 -9999 -9999 -9999 -9999 -9999 -9999 -9999 -9999 -9999 -9999 -9999 -9999 -9999 -9999 -9999 -9999 -9999 -9999 -9999 -9999 -9999 -9999 -9999 -9999 -9999 -9999 -9999 -9999 -9999 1.2778 1.4583 1.5667 1.74 1.9133 2 2 2 2 2 1.912 1.736 1.472 1.208 0.944 0.768 0.68 0.68 0.68 0.68 0.68 0.68 0.68 0.68 0.68 0.68 0.68 0.66667 0.65333 0.65333 0.65333 0.65333 0.66667 0.68 0.68 0.68 0.68 0.68 0.68 0.68 0.68 0.68 0.68 0.68
-9999 -9999 -9999 -9999 -9999 -9999 -9999 -9999 -9999 -9999 -9999 -9999 -9999 -9999 -9999 -9999 -9999 -9999 -9999 -9999 -9999 -9999 -9999 -9999 -9999 -9999 -9999 -9999 -9999 -9999 -9999 -9999 -9999 -9999 1.7111 1.7833 1.8267 1.9133 2 2 2 2 2 2 1.824 1.56 1.296 1.032 0.75467 0.65333 0.64 0.64 0.64 0.65333 0.66667 0.68 0.68 0.68 0.68 0.68 0.66667 0.64 0.61333 0.6 0.58667 0.6 0.62667 0.65333 0.66667 0.68 0.68 0.68 0.68 0.68 0.68 0.68 0.68 0.68
-9999 -9999 -9999 -9999 -9999 -9999 -9999 -9999 -9999 -9999 -9999 -9999 -9999 -9999 -9999 -9999 -9999 -9999 -9999 -9999 -9999 -9999 -9999 -9999 -9999 -9999 -9999 -9999 -9999 -9999 -9999 -9999 -9999 -9999 2 2 2 2 2 2 2 2 2 2 1.736 1.472 1.208 0.93067 0.64 0.61333 0.58667 0.57333 0.58667 0.61333 0.64 0.66667 0.68 0.68 0.68 0.66667 0.64 0.6 0.56 0.53333 0.52 0.54667 0.58667 0.62667 0.65333 0.68 0.68 0.68 0.68 0.68 0.68 0.68 0.68 0.68
-9999 -9999 -9999 -9999 -9999 -9999 -9999 -9999 -9999 -9999 -9999 -9999 -9999 -9999 -9999 -9999 -9999 -9999 -9999 -9999 -9999 -9999 -9999 -9999 -9999 -9999 -9999 -9999 -9999 -9999 -9999 -9999 -9999 -9999 2 2 2 2 2 2 2 2 2 2 1.824 1.56 1.2827 0.992 0.688 0.56 0.52 0.50667 0.52 0.56 0.6 0.64 0.66667 0.68 0.68 0.65333 0.61333 0.57333 0.53333 0.49333 0.48 0.50667 0.54667 0.58667 0.62667 0.66667 0.68 0.68 0.68 0.68 0.68 0.68 0.68 0.68
-9999 -9999 -9999 -9999 -9999 -9999 -9999 -9999 -9999 -9999 -9999 -9999 -9999 -9999 -9999 -9999 -9999 -9999 -9999 -9999 -9999 -9999 -9999 -9999 -9999 -9999 -9999 -9999 -9999 -9999 -9999 -9999 -9999 2 2 2 2 2 2 2 2 2 2 2 1.824 1.56 1.2693 0.96533 0.66133 0.53333 0.49333 0.48 0.49333 0.52 0.56 0.6 0.64 0.66667 0.66667 0.62667 0.58667 0.54667 0.50667 0.48 0.48 0.49333 0.53333 0.57333 0.61333 0.65333 0.68 0.68 0.68 0.68 0.68 0.68 0.68 0.68
-9999 -9999 -9999 -9999 -9999 -9999 -9999 -9999 -9999 -9999 -9999 -9999 -9999 -9999 -9999 -9999 -9999 -9999 -9999 -9999 -9999 -9999 -9999 -9999 -9999 -9999 -9999 -9999 -9999 -9999 -9999 -9999 -9999 2 2 2 2 2 2 2 2 2 2 1.912 1.736 1.472 1.168 0.864 0.648 0.52 0.48 0.48 0.48 0.49333 0.52 0.54667 0.57333 0.6 0.6 0.57333 0.54667 0.52 0.49333 0.48 0.48 0.48 0.50667 0.54667 0.58667 0.62667 0.66667 0.68 0.68 0.68 0.68 0.68 0.68 0.68
-9999 -9999 -9999 -9999 -9999 -9999 -9999 -9999 -9999 -9999 -9999 -9999 -9999 -9999 -9999 -9999 -9999 -9999 -9999 -9999 -9999 -9999 -9999 -9999 -9999 -9999 -9999 -9999 -9999 -9999 -9999 -9999 -9999 2 2 2 2 2 2 2 2 2 2 1.824 1.56 1.296 0.992 0.688 0.56 0.52 0.48 0.48 0.48 0.48 0.49333 0.50667 0.52 0.53333 0.53333 0.52 0.50667 0.49333 0.48 0.48 0.48 0.48 0.50667 0.54667 0.58667 0.62667 0.66667 0.68 0.68 0.68 0.68 0.68 0.68 0.68
-9999 -9999 -9999 -9999 -9999 -9999 -9999 -9999 -9999 -9999 -9999 -9999 -9999 -9999 -9999 -9999 -9999 -9999 -9999 -9999 -9999 -9999 -9999 -9999 -9999 -9999 -9999 -9999 -9999 -9999 -9999 -9999 -9999 1.868 1.8985 2 2 2 2 2 2 1.912 1.824 1.56 1.296 1.0187 0.80267 0.58667 0.54667 0.50667 0.48 0.48 0.48 0.48 0.48 0.48 0.48 0.48 0.48 0.48 0.48 0.48 0.48 0.48 0.48 0.48 0.50667 0.54667 0.58667 0.62667 0.66667 0.68 0.68 0.68 0.68 0.68 0.68 0.768
-9999 -9999 -9999 -9999 -9999 -9999 -9999 -9999 -9999 -9999 -9999 -9999 -9999 -9999 -9999 -9999 -9999 -9999 -9999 -9999 -9999 -9999 -9999 -9999 -9999 -9999 -9999 -9999 -9999 -9999 -9999 -9999 1.7067 1.78 1.9057 2 2 2 2 2 2 1.824 1.648 1.384 1.12 0.82933 0.70133 0.57333 0.53333 0.49333 0.48 0.48 0.48 0.48 0.48 0.48 0.48 0.48 0.48 0.48 0.48 0.48 0.48 0.48 0.48 0.48 0.52 0.56 0.6 0.64 0.68 0.68 0.68 0.68 0.68 0.68 0.768 0.944
-9999 -9999 -9999 -9999 -9999 -9999 -9999 -9999 -9999 -9999 -9999 -9999 -9999 -9999 -9999 -9999 -9999 -9999 -9999 -9999 -9999 -9999 -9999 -9999 -9999 -9999 -9999 -9999 -9999 -9999 -9999 1.56 1.67 1.7171 1.912 2 2 2 2 2 2 1.824 1.648 1.384 1.12 0.816 0.688 0.56 0.52 0.48 0.48 0.48 0.48 0.48 0.48 0.48 0.48 0.48 0.48 0.48 0.48 0.48 0.48 0.48 0.48 0.48 0.52 0.56 0.6 0.64 0.68 0.68 0.68 0.68 0.68 0.768 0.944 1.12
-9999 -9999 -9999 -9999 -9999 -9999 -9999 -9999 -9999 -9999 -9999 -9999 -9999 -9999 -9999 -9999 -9999 -9999 -9999 -9999 -9999 -9999 -9999 -9999 -9999 -9999 -9999 -9999 -9999 -9999 1.56 1.67 1.7171 1.736 2 2 2 2 2 2 2 1.912 1.736 1.472 1.208 0.904 0.688 0.56 0.52 0.48 0.48 0.48 0.48 0.48 0.48 0.48 0.48 0.48 0.48 0.48 0.48 0.48 0.48 0.48 0.48 0.48 0.52 0.56 0.6 0.64 0.68 0.68 0.68 0.68 0.68 0.856 1.032 1.12
-9999 -9999 -9999 -9999 -9999 -9999 -9999 -9999 -9999 -9999 -9999 -9999 -9999 -9999 -9999 -9999 -9999 -9999 -9999 -9999 -9999 -9999 -9999 -9999 -9999 -9999 -9999 -9999 -9999 1.4133 1.45 1.4343 1.384 1.384 1.648 1.736 1.824 1.912 2 1.912 1.824 1.736 1.56 1.296 1.12 0.904 0.688 0.56 0.52 0.48 0.48 0.48 0.48 0.48 0.48 0.48 0.48 0.48 0.48 0.48 0.48 0.48 0.48 0.48 0.48 0.48 0.50667 0.54667 0.58667 0.62667 0.66667 0.68 0.68 0.68 0.768 0.944 1.032 1.032
-9999 -9999 -9999 -9999 -9999 -9999 -9999 -9999 -9999 -9999 -9999 -9999 -9999 -9999 -9999 -9999 -9999 -9999 -9999 -9999 -9999 -9999 -9999 -9999 -9999 -9999 -9999 -9999 1.67 1.4 1.34 1.208 1.032 1.032 1.296 1.472 1.648 1.824 2 1.824 1.648 1.472 1.208 0.944 0.84267 0.71467 0.58667 0.54667 0.50667 0.48 0.48 0.48 0.48 0.48 0.48 0.48 0.48 0.48 0.48 0.48 0.48 0.48 0.502 0.524 0.524 0.524 0.53733 0.542 0.54667 0.58667 0.62667 0.65333 0.66667 0.68 0.856 1.032 1.032 1.032
