data/Petrone_etal_2016/Active_Layer_Depth/tbl_al_thickness_utm22n.asc
ncols         541
nrows         475
xllcorner     534622.5
yllcorner     7445082.5
cellsize      5
NODATA_value  -9999
[rows 315 to 349 of 475, columns 78 to 155 of 541]
0.692 0.696 0.7 0.696 0.692 0.688 0.684 0.68 0.68 0.68267 0.86 1.0373 1.3013 1.5653 1.7387 1.652 1.4787 1.2187 0.95867 0.78667 0.7 0.7 0.7 0.69867 0.69733 0.69733 0.784 0.87067 1.132 1.3933 1.6533 1.8267 1.9133 1.8267 1.8267 1.8267 1.8267 1.9133 2 2 2 2 2 2 2 2 2 2 2 2 2 2 2 2 2 2 2 2 2 2 2 2 1.912 1.824 1.824 1.824 1.824 1.912 2 2 2 2 2 2 2 1.9207 1.6827 1.4447
0.692 0.696 0.7 0.696 0.692 0.688 0.684 0.68 0.68 0.684 0.948 1.212 1.476 1.652 1.736 1.4747 1.2147 0.95467 0.78267 0.69867 0.7 0.7 0.7 0.69733 0.69467 0.78133 0.95467 1.128 1.3907 1.6533 1.8267 1.9133 2 2 2 2 2 2 2 2 2 2 2 2 2 2 2 2 2 2 2 2 2 2 2 2 2 2 2 2 2 2 1.824 1.648 1.56 1.56 1.56 1.736 1.912 2 2 2 1.9133 1.8267 1.74 1.74 1.4947 1.336
0.69467 0.69733 0.69867 0.69467 0.69067 0.68667 0.68267 0.68 0.68 0.68267 0.94667 1.2107 1.3867 1.5627 1.56 1.2973 1.036 0.86267 0.68933 0.69333 0.696 0.69733 0.69733 0.69467 0.69067 0.864 1.124 1.3853 1.6493 1.9133 2 2 2 2 2 2 2 2 2 2 2 2 2 2 2 2 2 2 2 2 2 2 2 2 2 2 2 2 2 2 2 1.912 1.648 1.384 1.208 1.12 1.208 1.472 1.736 1.912 1.9133 1.8267 1.6533 1.48 1.3067 1.3067 1.1407 1.0613
0.69733 0.69733 0.696 0.692 0.688 0.684 0.68133 0.68 0.68 0.68133 0.94533 1.1213 1.2093 1.3853 1.472 1.208 1.0333 0.94667 0.772 0.68667 0.69067 0.692 0.78 0.86667 0.952 1.212 1.4733 1.648 1.824 2 2 2 2 2 2 2 2 2 2 2 2 2 2 2 2 2 2 2 2 2 2 2 2 2 2 2 2 2 2 1.9133 1.8267 1.652 1.388 1.124 0.94667 0.85733 0.944 1.12 1.2973 1.4747 1.476 1.3907 1.2187 1.0453 0.872 0.87333 0.78667 0.78667
0.69867 0.696 0.692 0.688 0.684 0.68133 0.68 0.68 0.68 0.768 1.032 1.12 1.12 1.296 1.384 1.12 1.032 1.032 0.856 0.68133 0.684 0.68533 0.86133 1.0373 1.212 1.4733 1.736 1.824 1.912 2 2 2 2 2 2 2 2 2 2 2 2 2 2 2 2 2 2 2 2 2 2 2 2 2 2 2 2 2 1.9133 1.74 1.5667 1.3053 1.0413 0.864 0.77333 0.68267 0.768 0.856 0.94533 1.0347 1.036 0.95067 0.86533 0.77867 0.692 0.69467 0.696 0.69733
0.69467 0.692 0.688 0.684 0.68133 0.68 0.68 0.68 0.768 0.944 1.12 1.12 1.12 1.12 1.12 0.944 0.944 0.944 0.856 0.68 0.68133 0.76933 1.0333 1.2973 1.5613 1.824 2 2 2 2 2 2 2 2 2 2 2 2 2 2 2 2 2 2 2 2 2 2 2 2 2 2 2 2 2 2 2 2 1.8267 1.5667 1.3067 1.0453 0.78133 0.69067 0.68667 0.68267 0.68 0.68 0.68133 0.68267 0.68267 0.684 0.68533 0.68533 0.68533 0.688 0.69067 0.69333
0.688 0.68667 0.684 0.68133 0.68 0.68 0.68 0.768 0.944 1.12 1.208 1.208 1.12 0.944 0.856 0.768 0.768 0.768 0.768 0.68 0.68 0.856 1.12 1.384 1.648 1.912 2 2 2 2 2 2 2 2 2 2 2 2 2 2 2 2 2 2 2 2 2 2 2 2 2 2 2 2 2 2 1.9133 1.8267 1.5667 1.3067 1.0467 0.87067 0.69333 0.68933 0.68533 0.68133 0.68 0.68 0.68 0.68 0.68 0.68 0.68 0.68 0.68 0.68133 0.68533 0.68933
0.68267 0.68267 0.68133 0.68 0.68 0.68 0.768 0.944 1.12 1.208 1.208 1.12 0.944 0.768 0.68 0.68 0.768 0.768 0.768 0.768 0.768 0.944 1.208 1.472 1.736 2 2 2 2 2 2 2 2 2 2 2 2 2 2 2 2 2 2 2 2 2 2 2 2 2 2 2 2 2 2 1.9133 1.74 1.5667 1.3067 1.0467 0.872 0.78133 0.69067 0.68667 0.68267 0.68 0.68 0.68 0.68 0.68 0.68 0.68 0.68 0.68 0.68 0.68 0.684 0.688
0.68 0.68 0.68 0.68 0.68 0.68 0.856 1.032 1.12 1.12 1.12 0.944 0.768 0.68 0.68 0.768 0.944 1.032 1.032 1.032 0.944 1.032 1.208 1.472 1.736 2 2 2 2 2 2 2 2 2 2 2 2 2 2 2 2 2 2 2 2 2 2 2 2 2 2 2 2 2 2 1.8267 1.5667 1.3067 1.0467 0.78533 0.696 0.692 0.688 0.684 0.68133 0.68 0.68 0.68 0.68 0.68 0.68 0.68 0.68 0.68133 0.68267 0.68267 0.68667 0.69067
0.68 0.68 0.68 0.68 0.68 0.68 0.856 0.944 0.944 0.944 0.944 0.768 0.68 0.68 0.768 0.944 1.208 1.384 1.384 1.384 1.296 1.296 1.384 1.648 1.824 2 2 2 2 2 2 2 2 2 2 2 2 2 2 2 2 2 2 2 2 2 2 2 2 2 2 2 2 2 1.9133 1.6533 1.3933 1.1333 0.87333 0.69867 0.696 0.692 0.688 0.684 0.68133 0.68 0.68 0.68 0.68 0.68 0.68 0.68 0.68 0.68267 0.68533 0.68667 0.69067 0.69467
0.68 0.68 0.68 0.68 0.68 0.68 0.768 0.768 0.768 0.768 0.768 0.68 0.68 0.768 0.944 1.208 1.472 1.736 1.648 1.648 1.472 1.472 1.472 1.736 1.824 2 2 2 2 2 2 2 2 2 2 2 2 2 2 2 2 2 2 2 2 2 2 2 2 2 2 2 2 1.9133 1.74 1.48 1.22 0.96 0.78667 0.69733 0.69467 0.69067 0.68667 0.68267 0.68133 0.68 0.68 0.68 0.68 0.68 0.68 0.68 0.68 0.68267 0.68533 0.688 0.692 0.696
0.68 0.68 0.68 0.68 0.68 0.68 0.68 0.68 0.68 0.68 0.68 0.68 0.768 0.944 1.208 1.472 1.736 1.912 1.824 1.736 1.56 1.56 1.56 1.736 1.824 1.912 1.824 1.736 1.736 1.736 1.824 1.912 2 2 2 2 2 2 2 2 2 2 2 2 2 2 2 2 2 2 2 2 1.9133 1.74 1.48 1.22 0.96 0.78667 0.69867 0.696 0.69333 0.68933 0.68533 0.68267 0.68133 0.68 0.68 0.68 0.68 0.68 0.68 0.68 0.68 0.68133 0.68267 0.68667 0.69067 0.69467
0.68 0.68 0.68 0.68 0.68 0.68 0.68 0.68 0.68 0.68 0.68 0.68 0.856 1.12 1.384 1.648 1.912 2 1.824 1.648 1.384 1.296 1.296 1.384 1.472 1.56 1.472 1.384 1.472 1.56 1.736 1.912 2 2 2 2 2 2 2 2 2 2 2 2 2 2 2 2 2 2 2 2 1.8267 1.5667 1.3067 1.0453 0.78533 0.69867 0.696 0.692 0.68933 0.68533 0.68133 0.68133 0.68133 0.68133 0.68133 0.68133 0.68 0.68 0.68 0.68 0.68 0.68 0.68133 0.68533 0.688 0.69067
0.68 0.68 0.68 0.68 0.68 0.68 0.68 0.68 0.68 0.68 0.68 0.768 1.032 1.296 1.56 1.824 2 1.912 1.736 1.472 1.208 1.032 1.032 1.032 1.12 1.12 1.12 1.12 1.296 1.472 1.736 1.912 2 2 2 2 2 2 2 2 2 2 2 2 2 2 2 2 2 2 2 2 1.74 1.48 1.2187 0.956 0.696 0.696 0.69333 0.69067 0.68933 0.68667 0.684 0.68533 0.68667 0.68667 0.68667 0.68667 0.68533 0.68533 0.68533 0.684 0.68267 0.68267 0.684 0.688 0.68933 0.69067
0.68 0.68 0.68 0.68 0.68 0.68 0.68 0.68 0.68 0.68 0.68 0.856 1.12 1.384 1.648 1.912 1.912 1.736 1.472 1.208 0.944 0.768 0.768 0.768 0.768 0.768 0.944 1.12 1.384 1.648 1.912 2 2 2 2 2 2 2 2 2 2 2 2 2 2 2 2 2 2 2 2 1.9133 1.6533 1.3933 1.1307 0.86667 0.69333 0.69333 0.692 0.692 0.69333 0.692 0.69067 0.692 0.69333 0.69333 0.69333 0.69333 0.692 0.692 0.692 0.69067 0.68933 0.68933 0.69067 0.692 0.69067 0.69067
0.68 0.68 0.68 0.68 0.68 0.68 0.68 0.68 0.68 0.68 0.768 1.032 1.296 1.56 1.824 2 1.824 1.56 1.296 1.032 0.768 0.68 0.68 0.68 0.68 0.68 0.944 1.208 1.472 1.736 2 2 2 2 2 2 2 2 2 2 2 2 2 2 2 2 2 2 2 1.9133 1.8267 1.6533 1.3933 1.1333 0.956 0.77867 0.69067 0.68933 0.688 0.68933 0.692 0.69333 0.69467 0.696 0.69867 0.69867 0.69867 0.69867 0.69867 0.69867 0.69867 0.69733 0.696 0.696 0.696 0.69467 0.69333 0.69333
0.68 0.68 0.68 0.68 0.68 0.68 0.68 0.68 0.68 0.768 0.944 1.208 1.472 1.736 1.912 2 1.824 1.56 1.296 1.032 0.768 0.68 0.68 0.68 0.68 0.768 1.032 1.296 1.56 1.824 2 2 2 2 2 2 2 2 2 2 2 2 2 2 2 2 2 2 2 1.9133 1.74 1.48 1.22 0.95867 0.78133 0.69067 0.688 0.68533 0.684 0.68533 0.688 0.69067 0.69333 0.696 0.69867 0.7 0.7 0.7 0.7 0.7 0.7 0.7 0.7 0.7 0.7 0.69733 0.696 0.696
0.68 0.68 0.68 0.68 0.68 0.68 0.68 0.68 0.768 0.944 1.208 1.384 1.56 1.736 1.824 1.824 1.824 1.736 1.472 1.208 0.944 0.768 0.68 0.68 0.68 0.856 1.12 1.384 1.648 1.912 2 2 2 2 2 2 2 2 2 2 2 2 2 2 2 2 2 2 2 1.8267 1.5667 1.3067 1.0453 0.78267 0.692 0.688 0.684 0.68133 0.68 0.68 0.68133 0.684 0.68667 0.68933 0.69333 0.696 0.69733 0.69867 0.69867 0.69733 0.69733 0.69733 0.69733 0.69867 0.7 0.69867 0.69867 0.69733
0.68 0.68 0.68 0.68 0.68 0.68 0.68 0.68 0.856 1.12 1.384 1.472 1.56 1.648 1.648 1.648 1.824 1.824 1.56 1.296 1.032 0.768 0.68 0.768 0.856 1.12 1.384 1.648 1.824 2 2 2 2 2 2 2 2 2 2 2 2 2 2 2 2 2 2 2 2 1.8267 1.5667 1.3067 1.044 0.78 0.68933 0.68533 0.68133 0.68 0.68 0.68 0.68 0.68133 0.68267 0.684 0.688 0.692 0.69333 0.69467 0.69467 0.692 0.69067 0.692 0.69333 0.696 0.69867 0.7 0.69867 0.696
0.68 0.68 0.68 0.68 0.68 0.68 0.68 0.68 0.944 1.12 1.296 1.296 1.296 1.296 1.384 1.472 1.736 1.824 1.56 1.296 1.032 0.768 0.68 0.856 1.032 1.296 1.56 1.824 1.912 2 2 2 2 2 2 2 2 2 2 2 2 2 2 2 2 2 2 2 2 1.8267 1.5667 1.3053 1.0413 0.77733 0.68667 0.68267 0.68 0.68 0.68 0.68 0.68 0.68 0.68 0.68 0.68267 0.68667 0.688 0.68933 0.68933 0.68667 0.684 0.68667 0.688 0.69067 0.69333 0.696 0.69333 0.69067
0.68 0.68 0.68 0.68 0.68 0.68 0.68 0.68 0.856 0.944 1.032 1.032 1.032 1.12 1.296 1.472 1.736 1.824 1.648 1.472 1.208 0.944 0.856 1.032 1.208 1.472 1.736 2 2 2 2 2 2 2 2 2 2 2 2 2 2 2 2 2 1.9133 1.8267 1.74 1.6533 1.5667 1.48 1.3933 1.2173 1.04 0.86267 0.772 0.68133 0.68 0.68 0.68 0.68 0.68 0.68 0.68 0.68 0.68133 0.684 0.684 0.684 0.684 0.68267 0.68 0.68267 0.684 0.68667 0.68933 0.69333 0.69067 0.68933
0.68 0.68 0.68 0.68 0.768 0.768 0.768 0.768 0.856 0.768 0.768 0.768 0.768 0.944 1.208 1.472 1.736 1.912 1.824 1.736 1.56 1.296 1.208 1.296 1.384 1.56 1.824 2 2 2 2 2 2 2 2 2 1.912 1.824 1.824 1.824 1.824 1.912 2 1.9133 1.74 1.5667 1.3933 1.22 1.1333 1.1333 1.1333 1.044 0.95333 0.86267 0.772 0.68133 0.68 0.68 0.68 0.68 0.68 0.68 0.68 0.68 0.68 0.68133 0.68133 0.68133 0.68133 0.68133 0.68 0.68133 0.68133 0.684 0.68667 0.69067 0.68933 0.68933
0.68 0.68 0.68 0.768 0.944 1.032 1.032 1.032 0.944 0.768 0.68 0.68 0.68 0.856 1.12 1.384 1.648 1.912 2 2 1.912 1.736 1.648 1.648 1.648 1.736 1.912 2 2 2 2 2 2 2 2 1.912 1.736 1.56 1.472 1.472 1.56 1.736 1.8253 1.74 1.48 1.22 0.95867 0.784 0.696 0.69467 0.78133 0.78 0.77733 0.77467 0.772 0.68133 0.68 0.68 0.68 0.68 0.68 0.68 0.68 0.68 0.68 0.68 0.68 0.68 0.68 0.68 0.68 0.68 0.68 0.684 0.688 0.69067 0.69067 0.69067
0.68 0.68 0.768 0.944 1.208 1.384 1.472 1.384 1.208 0.944 0.768 0.68 0.68 0.768 1.032 1.296 1.56 1.824 2 2 2 1.912 1.912 1.912 1.912 1.912 2 2 2 2 2 2 2 2 2 1.824 1.56 1.296 1.12 1.12 1.296 1.56 1.6507 1.5667 1.3067 1.0467 0.784 0.69467 0.692 0.68933 0.688 0.688 0.68667 0.68533 0.684 0.68133 0.68 0.68 0.68 0.68 0.68 0.68 0.68 0.68 0.68 0.68 0.68 0.68 0.68 0.68 0.68 0.68 0.68133 0.684 0.68667 0.688 0.688 0.68667
0.68 0.68 0.856 1.12 1.384 1.648 1.824 1.648 1.384 1.12 0.856 0.68 0.68 0.68 0.856 1.12 1.384 1.648 1.912 2 2 2 2 2 2 2 2 2 2 2 2 2 2 2 2 1.736 1.472 1.208 0.944 0.856 1.12 1.2973 1.3013 1.3053 1.22 1.0467 0.95733 0.95333 0.94933 0.85867 0.76933 0.68133 0.68133 0.68133 0.68133 0.68 0.68 0.68 0.68 0.68 0.68 0.68 0.68 0.68 0.68 0.68 0.68 0.68 0.68 0.68 0.68 0.68 0.68133 0.68267 0.684 0.684 0.684 0.68267
0.68 0.768 1.032 1.296 1.56 1.824 2 1.824 1.56 1.296 1.032 0.768 0.68 0.68 0.768 1.032 1.296 1.56 1.824 2 2 2 2 2 1.912 1.912 1.912 1.912 1.912 2 2 2 2 2 2 1.736 1.472 1.208 0.944 0.768 0.944 1.0347 1.0387 1.0413 1.1307 1.132 1.2173 1.2133 1.2107 1.0333 0.856 0.68 0.68 0.68 0.68 0.68 0.68 0.68 0.68 0.68 0.68 0.68 0.68 0.68 0.68 0.68 0.68 0.68 0.68 0.68 0.68 0.68 0.68133 0.68133 0.68133 0.68133 0.68133 0.68
0.68 0.856 1.12 1.384 1.648 1.912 2 1.912 1.736 1.472 1.208 0.944 0.768 0.68 0.68 0.944 1.208 1.472 1.736 2 2 1.912 1.824 1.736 1.56 1.56 1.648 1.736 1.824 2 2 1.912 1.824 1.736 1.736 1.56 1.384 1.208 1.032 0.768 0.768 0.77067 0.77333 0.86267 1.1267 1.3027 1.564 1.5613 1.472 1.208 0.944 0.68 0.68 0.68 0.68 0.68 0.68 0.68 0.68 0.68 0.68 0.68 0.68 0.68 0.68 0.68 0.68 0.68 0.68 0.68 0.68 0.68 0.68 0.68 0.68 0.68 0.68 0.68
0.68 0.944 1.208 1.472 1.736 2 2 2 1.824 1.56 1.296 1.032 0.768 0.68 0.68 0.856 1.032 1.208 1.472 1.736 1.736 1.648 1.56 1.384 1.208 1.296 1.472 1.56 1.736 1.912 1.912 1.736 1.648 1.472 1.384 1.296 1.208 1.12 1.032 0.856 0.68 0.68133 0.77067 0.94667 1.2107 1.4747 1.7373 1.736 1.56 1.296 1.032 0.768 0.68 0.68 0.68 0.68 0.68 0.68 0.68 0.68 0.68 0.68 0.68 0.68 0.68 0.68 0.68 0.68 0.68 0.68 0.68 0.68 0.68 0.68 0.68 0.68 0.68 0.68
0.768 1.032 1.296 1.56 1.824 2 2 2 1.824 1.56 1.296 1.032 0.768 0.68 0.68 0.768 0.856 0.944 1.12 1.296 1.296 1.208 1.208 1.12 1.12 1.296 1.56 1.56 1.648 1.648 1.56 1.296 1.208 1.032 0.944 0.944 0.944 0.944 0.944 0.85733 0.68133 0.68133 0.85733 1.1213 1.384 1.648 1.912 1.912 1.736 1.472 1.208 0.944 0.768 0.68 0.68 0.68 0.68 0.68 0.68 0.68 0.68 0.68 0.68 0.68 0.68 0.68 0.68 0.68 0.68 0.68 0.68 0.68 0.68 0.68 0.68 0.68 0.68 0.68
0.944 1.208 1.472 1.736 1.912 2 2 2 1.824 1.648 1.384 1.12 0.856 0.768 0.68 0.68 0.68 0.68 0.768 0.856 0.944 1.032 1.208 1.296 1.472 1.648 1.736 1.56 1.472 1.296 1.12 0.944 0.944 0.856 0.768 0.768 0.768 0.768 0.76933 0.772 0.684 0.684 0.86 1.1227 1.384 1.648 1.912 2 1.912 1.648 1.384 1.12 0.856 0.68 0.68 0.68 0.68 0.68 0.68 0.68 0.68 0.68 0.68 0.68 0.68 0.68 0.68 0.68 0.68 0.68 0.68 0.68 0.68 0.68 0.68 0.68 0.68 0.68
1.208 1.472 1.736 1.912 2 2 2 2 1.912 1.824 1.648 1.384 1.12 0.944 0.768 0.68 0.68 0.68 0.768 0.856 1.032 1.208 1.472 1.648 1.824 1.912 1.824 1.56 1.296 1.032 0.768 0.68 0.68 0.68 0.68 0.68 0.68 0.68133 0.684 0.688 0.688 0.688 0.77467 0.948 1.208 1.472 1.736 1.824 1.824 1.56 1.296 1.032 0.856 0.68 0.68 0.68 0.68 0.68 0.68 0.68 0.68 0.68 0.68 0.68 0.68 0.68 0.68 0.68 0.68 0.68 0.68 0.68 0.68 0.68 0.68 0.68 0.68 0.68
1.384 1.648 1.824 1.912 2 2 2 2 2 2 1.824 1.56 1.296 1.032 0.768 0.68 0.68 0.68 0.856 1.032 1.296 1.56 1.824 1.824 1.824 1.736 1.472 1.208 1.032 0.856 0.68 0.68 0.68 0.68 0.68 0.68 0.68133 0.684 0.68667 0.68933 0.68933 0.688 0.68533 0.77067 0.944 1.12 1.296 1.384 1.384 1.208 1.032 0.856 0.768 0.68 0.68 0.68 0.68 0.68 0.68 0.68 0.68 0.68 0.68 0.68 0.68 0.68 0.68 0.68 0.68 0.68 0.68 0.68 0.68 0.68 0.68 0.68 0.68 0.68
1.296 1.56 1.648 1.736 1.912 2 2 2 2 2 1.824 1.56 1.296 1.032 0.768 0.68 0.68 0.68 0.944 1.208 1.472 1.736 2 1.912 1.824 1.648 1.384 1.12 0.944 0.768 0.68 0.68 0.68 0.68 0.68 0.68 0.68267 0.68667 0.688 0.68933 0.68933 0.68667 0.68267 0.68133 0.768 0.856 0.944 0.944 0.944 0.856 0.768 0.68 0.68 0.68 0.68 0.68 0.68 0.68 0.68 0.68 0.68 0.68 0.68 0.68 0.68 0.68 0.68 0.68 0.68 0.68 0.68 0.68 0.68 0.68 0.68 0.68 0.68 0.68
1.12 1.208 1.296 1.472 1.736 1.912 2 2 2 2 1.736 1.472 1.208 0.944 0.68 0.68 0.68 0.68 0.944 1.208 1.472 1.736 2 1.912 1.824 1.648 1.472 1.208 1.032 0.856 0.768 0.68 0.68 0.68 0.68 0.68 0.684 0.68667 0.68667 0.68667 0.68667 0.68267 0.68 0.68 0.68 0.68 0.68 0.68 0.68 0.68 0.68 0.68 0.68 0.68 0.68 0.68 0.68 0.68 0.68 0.68 0.68 0.68 0.68 0.68 0.68 0.68 0.68 0.68 0.68 0.68 0.68 0.68 0.68 0.68 0.68 0.68 0.68 0.68
1.032 0.944 0.944 1.208 1.472 1.736 1.912 2 2 2 1.736 1.472 1.208 0.944 0.68 0.768 0.856 0.944 1.208 1.472 1.648 1.824 2 2 2 1.824 1.736 1.56 1.384 1.208 1.208 1.12 1.032 0.944 0.856 0.768 0.684 0.68667 0.68667 0.68667 0.68667 0.68267 0.68 0.68133 0.68133 0.68133 0.68133 0.68133 0.68 0.68 0.68 0.68 0.68 0.68133 0.68133 0.68133 0.68133 0.68133 0.68 0.68 0.68 0.68 0.68 0.68 0.68 0.68 0.68 0.68 0.68 0.68 0.68 0.68 0.68 0.68 0.68 0.68 0.68 0.68
