data/Petrone_etal_2016/Active_Layer_Depth/tbl_al_thickness_wgs84.asc
ncols         866
nrows         297
xllcorner     -50.201966770779
yllcorner     67.120582669113
cellsize      7.2870550417999e-005
NODATA_value  -9999
[rows 140 to 174 of 297, columns 553 to 631 of 866]
-9999 -9999 -9999 -9999 1.152 1.152 1.034 0.916 0.916 0.798 0.798 0.71933 0.68 0.68 0.68 0.68 0.68 0.768 0.768 0.768 0.768 0.768 0.768 0.768 0.768 0.68 0.68 0.68 0.768 0.768 0.856 0.944 0.944 1.12 1.296 1.296 1.384 1.472 1.472 1.472 1.472 1.384 1.208 1.208 1.032 0.856 0.856 0.768 0.768 0.68267 0.68667 0.68667 0.77733 0.868 0.868 0.95867 1.0467 1.0467 1.1307 1.1307 1.128 1.1253 1.1253 1.1227 1.12 1.12 1.12 1.12 1.12 1.12 1.12 1.12 1.12 1.12 1.032 0.944 0.944 0.856 0.856
-9999 -9999 -9999 -9999 -9999 -9999 -9999 1.0733 1.0733 0.95533 0.95533 0.83733 0.71933 0.71933 0.68 0.68 0.68 0.944 1.12 1.12 1.296 1.296 1.384 1.472 1.472 1.296 1.296 1.296 1.384 1.384 1.56 1.736 1.736 1.912 2 2 2 2 2 1.824 1.824 1.648 1.384 1.384 1.12 0.856 0.856 0.768 0.768 0.76933 0.86 0.86 1.0373 1.2147 1.2147 1.392 1.48 1.48 1.5653 1.5653 1.564 1.5627 1.5627 1.5613 1.56 1.56 1.56 1.56 1.56 1.56 1.56 1.56 1.56 1.56 1.472 1.384 1.384 1.296 1.296
-9999 -9999 -9999 -9999 -9999 -9999 -9999 1.1127 1.1127 0.99467 0.99467 0.87667 0.75867 0.75867 0.68 0.68 0.68 0.944 1.208 1.208 1.472 1.472 1.648 1.824 1.824 1.736 1.736 1.736 1.736 1.824 1.824 1.912 1.912 2 2 2 2 2 2 1.824 1.824 1.648 1.472 1.472 1.296 1.208 1.208 1.296 1.472 1.472 1.648 1.648 1.824 1.912 1.912 2 2 2 2 2 2 2 2 2 2 2 2 2 2 2 2 2 2 2 2 2 2 2 2
-9999 -9999 -9999 -9999 -9999 -9999 -9999 -9999 -9999 1.1127 0.99467 0.99467 0.87667 0.87667 0.75867 0.68 0.68 0.944 1.208 1.208 1.472 1.472 1.736 2 2 2 2 2 2 2 2 2 2 2 2 2 2 2 2 2 2 2 2 2 2 2 2 2 2 2 2 2 2 2 2 2 2 2 2 2 2 2 2 2 2 2 2 2 2 2 2 2 2 2 2 2 2 2 2
-9999 -9999 -9999 -9999 -9999 -9999 -9999 -9999 -9999 -9999 1.0733 1.0733 0.95533 0.95533 0.83733 0.71933 0.71933 0.768 1.032 1.032 1.296 1.296 1.56 1.824 1.824 2 2 2 2 2 2 2 2 2 2 2 2 2 2 2 2 2 2 2 2 2 2 2 2 2 2 2 2 2 2 2 2 2 2 2 2 2 2 2 2 2 2 2 2 2 2 2 2 2 2 2 2 2 2
-9999 -9999 -9999 -9999 -9999 -9999 -9999 -9999 -9999 -9999 1.1127 1.1127 0.99467 0.99467 0.87667 0.75867 0.75867 0.68 0.856 0.856 1.12 1.384 1.384 1.648 1.648 1.912 2 2 2 2 2 2 2 2 2 2 2 2 2 2 2 2 2 2 2 2 2 2 2 2 2 2 2 2 2 2 2 2 2 2 2 2 2 2 2 2 2 2 2 2 2 2 2 2 2 2 2 2 2
-9999 -9999 -9999 -9999 -9999 -9999 -9999 -9999 -9999 -9999 -9999 -9999 1.1127 1.1127 0.99467 0.87667 0.87667 0.75867 0.68 0.68 0.768 0.856 0.856 0.944 0.944 1.032 1.12 1.12 1.12 1.12 1.12 1.12 1.12 1.208 1.296 1.296 1.472 1.648 1.648 1.824 1.912 1.912 2 2 2 2 2 2 2 2 2 2 2 2 2 2 2 2 2 2 2 2 2 2 2 2 2 2 2 2 2 2 2 2 2 2 2 2 2
-9999 -9999 -9999 -9999 -9999 -9999 -9999 -9999 -9999 -9999 -9999 -9999 1.152 1.034 1.034 0.916 0.916 0.798 0.68 0.68 0.68 0.68 0.68 0.68 0.68 0.68 0.68 0.68 0.68 0.68 0.68 0.68 0.768 0.768 0.856 0.856 1.032 1.208 1.208 1.384 1.472 1.472 1.56 1.56 1.648 1.736 1.736 1.824 1.912 1.912 2 2 2 2 2 2 2 2 2 2 2 2 2 2 2 2 2 2 2 2 2 2 2 2 2 2 2 2 2
-9999 -9999 -9999 -9999 -9999 -9999 -9999 -9999 -9999 -9999 -9999 -9999 1.1127 0.99467 0.99467 0.87667 0.87667 0.75867 0.68 0.68 0.68 0.68 0.68 0.68 0.68 0.68 0.68 0.68 0.68 0.68 0.68 0.68 0.68 0.68 0.68 0.68 0.68 0.68 0.68 0.68 0.68 0.68 0.68 0.68 0.768 0.944 0.944 1.208 1.472 1.472 1.736 1.912 1.912 2 2 2 2 2 2 2 2 2 2 2 2 2 2 2 2 2 2 2 2 2 2 2 2 2 2
-9999 -9999 -9999 -9999 -9999 -9999 -9999 -9999 -9999 -9999 -9999 -9999 1.034 0.916 0.916 0.798 0.798 0.68 0.68 0.68 0.68 0.68 0.68 0.68 0.68 0.68 0.68 0.68 0.68 0.68 0.68 0.68 0.68 0.68 0.68 0.68 0.68 0.68 0.68 0.68 0.68 0.68 0.68 0.68 0.68 0.768 0.768 0.944 1.208 1.208 1.472 1.736 1.736 1.912 1.912 2 2 2 2 2 2 2 2 2 2 2 2 2 2 2 2 2 2 2 2 2 2 2 2
-9999 -9999 -9999 -9999 -9999 -9999 -9999 -9999 -9999 -9999 -9999 -9999 1.0353 0.91867 0.91867 0.80067 0.80067 0.68267 0.68267 0.68267 0.68133 0.68 0.68 0.68 0.68 0.68 0.68 0.68 0.68 0.68 0.68 0.68 0.68 0.68 0.68 0.68 0.68 0.68 0.68 0.68 0.68 0.68 0.68 0.68 0.68 0.68 0.68 0.68 0.768 0.768 0.944 1.208 1.208 1.472 1.472 1.736 1.912 1.912 2 2 2 2 2 2 2 2 2 2 2 2 2 2 2 2 2 2 2 2 2
-9999 -9999 -9999 -9999 -9999 -9999 -9999 -9999 -9999 -9999 1.114 1.114 1 0.886 0.886 0.76933 0.76933 0.69067 0.68933 0.68933 0.68533 0.68133 0.68133 0.68 0.68 0.68 0.68 0.68 0.68 0.68 0.68 0.68 0.68 0.68 0.68 0.68 0.68 0.68 0.68 0.68 0.68 0.68 0.68 0.68 0.68 0.68 0.68 0.68 0.68 0.68 0.68 0.768 0.768 0.856 0.944 0.944 1.032 1.032 1.12 1.208 1.208 1.296 1.472 1.472 1.648 1.648 1.824 1.912 1.912 2 2 2 2 2 2 2 2 2 2
-9999 -9999 -9999 -9999 -9999 -9999 -9999 -9999 -9999 1.0773 0.96333 0.96333 0.84933 0.73533 0.73533 0.69867 0.69867 0.69867 0.69733 0.69733 0.69467 0.69067 0.69067 0.68667 0.684 0.684 0.68133 0.68 0.68 0.68 0.68 0.68 0.68 0.68 0.68 0.68 0.68 0.68 0.68 0.68 0.68 0.68 0.68 0.68 0.68 0.68 0.68 0.68 0.68 0.68 0.68 0.68 0.68 0.68 0.68 0.68 0.68 0.68 0.68 0.768 0.768 0.856 1.032 1.032 1.296 1.296 1.56 1.736 1.736 1.912 2 2 2 2 2 2 2 2 2
-9999 -9999 -9999 -9999 -9999 1.194 1.194 1.0787 1.0787 0.96467 0.85067 0.85067 0.77467 0.69867 0.69867 0.7 0.7 0.7 0.7 0.7 0.69867 0.696 0.696 0.69333 0.68933 0.68933 0.68533 0.68533 0.68267 0.68133 0.68133 0.68 0.68 0.68 0.68 0.68 0.68 0.68 0.68 0.68 0.68 0.68 0.68 0.68 0.68 0.68 0.68 0.68 0.68 0.68 0.68 0.68 0.68 0.68 0.68 0.68 0.68 0.68 0.68 0.68 0.68 0.768 0.856 0.856 1.032 1.032 1.296 1.56 1.56 1.736 1.912 1.912 2 2 2 2 2 2 2
1.232 1.194 1.118 1.118 1.004 0.89 0.89 0.814 0.814 0.738 0.7 0.7 0.7 0.7 0.7 0.7 0.7 0.7 0.7 0.7 0.7 0.7 0.7 0.7 0.69867 0.69867 0.696 0.69333 0.69333 0.69067 0.69067 0.68933 0.68933 0.68933 0.68933 0.68933 0.68933 0.688 0.688 0.68533 0.68267 0.68267 0.68133 0.68 0.68 0.68 0.68 0.68 0.68 0.68 0.68 0.68 0.68 0.68 0.68 0.68 0.68 0.68 0.68 0.68 0.68 0.768 0.944 0.944 1.12 1.384 1.384 1.648 1.648 1.824 1.912 1.912 2 2 2 2 2 2 2
0.928 0.852 0.776 0.776 0.738 0.7 0.7 0.7 0.7 0.7 0.7 0.7 0.7 0.7 0.7 0.7 0.7 0.7 0.7 0.7 0.7 0.7 0.7 0.7 0.7 0.7 0.69867 0.69733 0.69733 0.696 0.696 0.696 0.696 0.696 0.696 0.696 0.696 0.78133 0.78133 0.86533 0.94933 0.94933 0.94667 0.944 0.944 0.856 0.768 0.768 0.68 0.68 0.68 0.68 0.68 0.68 0.68 0.68 0.68 0.68 0.68 0.68 0.68 0.68 0.768 0.768 0.856 0.944 0.944 1.12 1.12 1.296 1.384 1.384 1.472 1.648 1.648 1.736 1.736 1.824 1.912
0.776 0.738 0.7 0.7 0.7 0.7 0.7 0.7 0.7 0.7 0.7 0.7 0.7 0.7 0.7 0.7 0.7 0.7 0.7 0.7 0.7 0.7 0.7 0.7 0.7 0.7 0.7 0.7 0.7 0.7 0.7 0.7 0.7 0.7 0.7 0.7 0.7 0.78667 0.78667 0.96 1.1333 1.1333 1.3053 1.4773 1.4773 1.5627 1.3853 1.3853 1.208 1.208 1.032 0.856 0.856 0.768 0.856 0.856 0.856 0.856 0.856 0.856 0.856 0.768 0.68 0.68 0.68 0.68 0.68 0.68 0.68 0.68 0.68 0.68 0.68 0.768 0.768 0.85733 0.948 0.948 1.0387
0.7 0.7 0.7 0.7 0.7 0.7 0.7 0.7 0.7 0.7 0.7 0.7 0.7 0.7 0.7 0.7 0.7 0.7 0.7 0.7 0.7 0.7 0.7 0.7 0.7 0.7 0.7 0.7 0.7 0.7 0.7 0.7 0.7 0.7 0.7 0.78667 0.78667 0.96 1.0467 1.0467 1.0467 0.96 1.1333 1.3933 1.3933 1.5667 1.564 1.564 1.4733 1.4733 1.296 1.032 1.032 0.856 0.856 0.856 0.944 0.944 0.944 0.944 0.944 0.856 0.768 0.768 0.68 0.68 0.68 0.68 0.68 0.68 0.68 0.68 0.68 0.68 0.68 0.68267 0.68667 0.68667 0.69067
0.7 0.7 0.7 0.7 0.7 0.7 0.7 0.7 0.7 0.7 0.7 0.7 0.7 0.7 0.7 0.7 0.7 0.7 0.7 0.7 0.7 0.7 0.7 0.7 0.7 0.7 0.7 0.7 0.7 0.7 0.7 0.7 0.7 0.7 0.7 0.87333 0.87333 1.1333 1.3067 1.3067 1.3933 1.3933 1.48 1.5667 1.5667 1.5667 1.5653 1.5653 1.4747 1.4747 1.384 1.12 1.12 0.856 0.768 0.768 1.032 1.208 1.208 1.296 1.296 1.296 1.208 1.208 0.944 0.768 0.768 0.68 0.68 0.68 0.68 0.68 0.68133 0.684 0.684 0.688 0.69143 0.69143 0.695
0.7 0.7 0.7 0.7 0.7 0.7 0.7 0.7 0.7 0.7 0.7 0.7 0.7 0.7 0.7 0.7 0.7 0.7 0.7 0.7 0.7 0.7 0.7 0.7 0.7 0.7 0.7 0.7 0.7 0.87333 1.0467 1.0467 1.22 1.22 1.3933 1.5667 1.5667 1.6533 1.74 1.74 1.8267 1.8267 1.9133 2 2 2 1.912 1.912 1.736 1.472 1.472 1.208 1.208 0.944 0.768 0.768 0.856 1.12 1.12 1.384 1.384 1.472 1.472 1.472 1.296 1.032 1.032 0.76933 0.68267 0.68267 0.68533 0.68133 0.684 0.688 0.688 0.69143 0.695 0.695 0.69778
0.7 0.7 0.7 0.7 0.7 0.7 0.7 0.7 0.7 0.7 0.7 0.7 0.7 0.7 0.7 0.7 0.7 0.7 0.7 0.7 0.7 0.7 0.7 0.7 0.7 0.7 0.7 0.7 0.7 0.96 1.22 1.22 1.48 1.48 1.74 1.9133 1.9133 1.9133 1.9133 1.9133 1.9133 1.9133 1.9133 2 2 1.912 1.824 1.824 1.648 1.384 1.384 1.12 1.12 0.944 0.768 0.768 0.768 0.944 0.944 1.12 1.12 1.296 1.296 1.296 1.208 1.0333 1.0333 0.86 0.68571 0.68571 0.68923 0.68923 0.69333 0.696 0.696 0.69714 -9999 -9999 -9999
0.7 0.7 0.7 0.7 0.7 0.7 0.7 0.7 0.7 0.7 0.7 0.7 0.7 0.7 0.7 0.7 0.7 0.7 0.7 0.7 0.7 0.7 0.7 0.7 0.7 0.7 0.7 0.7 0.7 0.96 1.22 1.22 1.48 1.48 1.74 2 2 2 2 2 2 2 2 2 2 1.824 1.56 1.56 1.296 1.032 1.032 0.768 0.768 0.68 0.68 0.68 0.68 0.68 0.68 0.68 0.79 0.79 0.812 0.812 -9999 -9999 -9999 -9999 -9999 -9999 -9999 -9999 -9999 -9999 -9999 -9999 -9999 -9999 -9999
0.78667 0.78667 0.87333 0.96 0.96 1.0467 1.0467 1.1333 1.1333 1.1333 1.0467 0.96 0.96 0.87333 0.87333 0.78667 0.7 0.7 0.7 0.7 0.7 0.7 0.7 0.7 0.7 0.7 0.7 0.7 0.7 0.96 1.22 1.22 1.48 1.48 1.74 2 2 2 2 2 1.912 1.824 1.824 1.648 1.648 1.472 1.208 1.208 1.032 0.856 0.856 0.768 0.768 0.68 0.856 0.856 0.856 0.86857 0.86857 0.9 0.97333 0.97333 -9999 -9999 -9999 -9999 -9999 -9999 -9999 -9999 -9999 -9999 -9999 -9999 -9999 -9999 -9999 -9999 -9999
1.392 1.392 1.6533 1.8267 1.8267 1.9133 1.9133 2 2 2 1.9133 1.74 1.3067 1.1333 1.1333 0.96 0.78667 0.78667 0.7 0.7 0.7 0.7 0.7 0.7 0.7 0.7 0.7 0.7 0.7 0.96 1.22 1.22 1.48 1.48 1.74 2 2 2 2 2 1.912 1.736 1.736 1.472 1.472 1.208 0.944 0.944 0.768 0.68 0.68 0.68 0.68 0.68 0.86857 0.86857 1.01 1.12 1.12 -9999 -9999 -9999 -9999 -9999 -9999 -9999 -9999 -9999 -9999 -9999 -9999 -9999 -9999 -9999 -9999 -9999 -9999 -9999 -9999
1.6507 1.6507 1.9133 2 2 2 2 2 2 2 2 1.9133 1.9133 1.74 1.48 1.48 1.22 1.22 0.96 0.87333 0.87333 0.87333 0.96 0.96 1.0467 1.0467 1.1333 1.22 1.22 1.3933 1.4787 1.4787 1.564 1.7373 1.7373 1.824 1.824 1.736 1.736 1.736 1.648 1.384 1.384 1.12 1.12 0.944 0.768 0.768 0.768 0.856 0.856 0.856 0.86857 0.86857 0.92 0.92 0.845 -9999 -9999 -9999 -9999 -9999 -9999 -9999 -9999 -9999 -9999 -9999 -9999 -9999 -9999 -9999 -9999 -9999 -9999 -9999 -9999 -9999 -9999
1.472 1.472 1.736 1.912 1.912 2 2 2 2 2 2 2 2 2 1.9133 1.9133 1.74 1.74 1.5667 1.5667 1.5667 1.5667 1.6533 1.6533 1.8267 1.8267 2 2 2 2 1.912 1.912 1.648 1.472 1.472 1.296 1.296 1.032 0.856 0.856 1.032 1.208 1.208 1.032 1.032 0.944 0.856 0.856 0.856 0.944 0.944 1.032 1.0862 1.0862 1.208 1.208 -9999 -9999 -9999 -9999 -9999 -9999 -9999 -9999 -9999 -9999 -9999 -9999 -9999 -9999 -9999 -9999 -9999 -9999 -9999 -9999 -9999 -9999 -9999
1.208 1.208 1.472 1.736 1.736 1.912 1.912 2 2 2 2 2 2 2 2 2 1.9133 1.9133 1.8267 1.8267 1.8267 1.8267 1.8267 1.8267 1.9133 2 2 2 2 2 2 2 1.736 1.472 1.472 1.208 1.208 0.944 0.68 0.68 0.944 1.208 1.208 1.384 1.56 1.56 1.648 1.648 1.4343 1.34 1.34 1.34 -9999 -9999 -9999 -9999 -9999 -9999 -9999 -9999 -9999 -9999 -9999 -9999 -9999 -9999 -9999 -9999 -9999 -9999 -9999 -9999 -9999 -9999 -9999 -9999 -9999 -9999 -9999
0.768 0.768 0.944 1.208 1.208 1.472 1.736 1.736 1.912 1.912 2 2 2 1.912 1.912 1.912 1.912 1.912 1.912 1.912 1.912 2 2 2 2 2 2 2 2 2 2 2 1.736 1.472 1.472 1.208 1.208 0.944 0.68 0.68 0.944 1.208 1.208 1.472 1.7171 1.7171 2 2 2 -9999 -9999 -9999 -9999 -9999 -9999 -9999 -9999 -9999 -9999 -9999 -9999 -9999 -9999 -9999 -9999 -9999 -9999 -9999 -9999 -9999 -9999 -9999 -9999 -9999 -9999 -9999 -9999 -9999 -9999
0.68 0.68 0.68 0.768 0.768 0.856 0.944 0.944 1.12 1.12 1.208 1.208 1.208 1.12 1.12 1.12 1.032 1.032 1.032 1.032 1.032 1.208 1.296 1.296 1.296 1.296 1.736 1.736 1.736 1.736 1.736 1.736 1.56 1.384 1.384 1.208 1.208 0.944 0.768 0.768 1.032 1.296 1.296 1.5286 1.78 1.78 2 2 -9999 -9999 -9999 -9999 -9999 -9999 -9999 -9999 -9999 -9999 -9999 -9999 -9999 -9999 -9999 -9999 -9999 -9999 -9999 -9999 -9999 -9999 -9999 -9999 -9999 -9999 -9999 -9999 -9999 -9999 -9999
0.68 0.68 0.68 0.68 0.68 0.68 0.68 0.68 0.768 0.768 0.768 0.768 0.768 0.768 0.768 0.768 0.68 0.68 0.68 0.68 0.68 0.768 0.944 0.944 1.032 1.12 1.12 1.296 1.296 1.472 1.56 1.56 1.648 1.56 1.56 1.384 1.12 1.12 1.12 1.12 1.208 1.3908 1.3908 1.604 -9999 -9999 -9999 -9999 -9999 -9999 -9999 -9999 -9999 -9999 -9999 -9999 -9999 -9999 -9999 -9999 -9999 -9999 -9999 -9999 -9999 -9999 -9999 -9999 -9999 -9999 -9999 -9999 -9999 -9999 -9999 -9999 -9999 -9999 -9999
0.68 0.68 0.68 0.68 0.68 0.68 0.68 0.68 0.68 0.68 0.68867 0.69733 0.69733 0.706 0.71467 0.71467 0.72333 0.71467 0.71467 0.706 0.706 0.69733 0.77667 0.77667 0.944 1.12 1.12 1.296 1.296 1.472 1.56 1.56 1.56 1.472 1.472 1.296 1.12 1.12 1.12 1.12 1.208 1.23 1.23 1.4133 -9999 -9999 -9999 -9999 -9999 -9999 -9999 -9999 -9999 -9999 -9999 -9999 -9999 -9999 -9999 -9999 -9999 -9999 -9999 -9999 -9999 -9999 -9999 -9999 -9999 -9999 -9999 -9999 -9999 -9999 -9999 -9999 -9999 -9999 -9999
0.68 0.68 0.68 0.68 0.68 0.68 0.68867 0.68867 0.706 0.706 0.732 0.72333 0.72333 0.74067 0.758 0.758 0.76667 0.758 0.758 0.74933 0.74933 0.74067 0.72333 0.72333 0.794 0.87333 0.87333 0.95267 1.032 1.032 1.12 1.12 1.12 1.12 1.12 1.032 0.944 0.944 0.944 0.944 1.032 1.01 1.01 1.12 -9999 -9999 -9999 -9999 -9999 -9999 -9999 -9999 -9999 -9999 -9999 -9999 -9999 -9999 -9999 -9999 -9999 -9999 -9999 -9999 -9999 -9999 -9999 -9999 -9999 -9999 -9999 -9999 -9999 -9999 -9999 -9999 -9999 -9999 -9999
0.68 0.68 0.68 0.68 0.68 0.68 0.69733 0.69733 0.72333 0.74933 0.74933 0.77533 0.77533 0.80133 0.81 0.81 0.81 0.81 0.81 0.81 0.81 0.81 0.80133 0.80133 0.79267 0.77533 0.77533 0.74933 0.72333 0.72333 0.706 0.706 0.68867 0.68 0.68 0.68 0.68 0.68 0.68 0.68 0.856 0.9 0.9 0.97333 -9999 -9999 -9999 -9999 -9999 -9999 -9999 -9999 -9999 -9999 -9999 -9999 -9999 -9999 -9999 -9999 -9999 -9999 -9999 -9999 -9999 -9999 -9999 -9999 -9999 -9999 -9999 -9999 -9999 -9999 -9999 -9999 -9999 -9999 -9999
0.68 0.68 0.68 0.68 0.68 0.68 0.69733 0.69733 0.72333 0.74933 0.74933 0.77533 0.77533 0.80133 0.81 0.81 0.81 0.80133 0.80133 0.79267 0.79267 0.784 0.77533 0.77533 0.76667 0.76667 0.76667 0.76667 0.758 0.758 0.74067 0.74067 0.72333 0.706 0.706 0.68867 0.68 0.68 0.68 0.856 0.856 1.01 1.01 1.12 -9999 -9999 -9999 -9999 -9999 -9999 -9999 -9999 -9999 -9999 -9999 -9999 -9999 -9999 -9999 -9999 -9999 -9999 -9999 -9999 -9999 -9999 -9999 -9999 -9999 -9999 -9999 -9999 -9999 -9999 -9999 -9999 -9999 -9999 -9999
0.68 0.68 0.68 0.68 0.68 0.68 0.68867 0.68867 0.71467 0.74067 0.74067 0.76667 0.76667 0.79267 0.81 0.81 0.80133 0.784 0.784 0.76667 0.74933 0.74933 0.732 0.732 0.72333 0.72333 0.72333 0.732 0.732 0.732 0.72333 0.72333 0.71467 0.706 0.706 0.68867 0.68 0.68 0.68 0.768 0.768 0.79 0.79 0.82667 -9999 -9999 -9999 -9999 -9999 -9999 -9999 -9999 -9999 -9999 -9999 -9999 -9999 -9999 -9999 -9999 -9999 -9999 -9999 -9999 -9999 -9999 -9999 -9999 -9999 -9999 -9999 -9999 -9999 -9999 -9999 -9999 -9999 -9999 -9999
