data/Petrone_etal_2016/Active_Layer_Depth/tbl_al_thickness_wgs84.asc
ncols         866
nrows         297
xllcorner     -50.201966770779
yllcorner     67.120582669113
cellsize      7.2870550417999e-005
NODATA_value  -9999
[rows 210 to 244 of 297, columns 79 to 157 of 866]
0.66133 0.53333 0.53333 0.49333 0.48 0.48 0.49333 0.49333 0.52 0.56 0.56 0.6 0.64 0.64 0.66667 0.66667 0.66667 0.62667 0.62667 0.58667 0.54667 0.54667 0.50667 0.48 0.48 0.48 0.48 0.49333 0.53333 0.53333 0.57333 0.61333 0.61333 0.65333 0.68 0.68 0.68 0.68 0.68 0.68 0.68 0.68 0.68 0.68 0.68 0.68 0.68 0.68 0.68 0.856 1.032 1.032 1.296 1.56 1.56 1.824 1.824 2 1.824 1.824 1.56 1.296 1.296 1.032 0.768 0.768 0.68 0.68 0.68 0.768 0.768 1.032 1.296 1.296 1.56 1.56 1.824 2 2
0.56 0.52 0.52 0.48 0.48 0.48 0.48 0.48 0.49333 0.52 0.52 0.54667 0.57333 0.57333 0.6 0.6 0.6 0.57333 0.57333 0.54667 0.52 0.52 0.49333 0.48 0.48 0.48 0.48 0.48 0.50667 0.50667 0.54667 0.58667 0.58667 0.62667 0.66667 0.66667 0.68 0.68 0.68 0.68 0.68 0.68 0.68 0.68 0.68 0.68 0.68 0.68 0.68 0.944 1.208 1.208 1.472 1.736 1.736 2 2 2 2 2 1.824 1.56 1.56 1.296 1.032 1.032 0.768 0.768 0.68 0.68 0.68 0.856 1.032 1.032 1.208 1.208 1.472 1.736 1.736
0.54667 0.50667 0.50667 0.48 0.48 0.48 0.48 0.48 0.48 0.48 0.48 0.48 0.48 0.48 0.48 0.48 0.48 0.48 0.48 0.48 0.48 0.48 0.48 0.48 0.48 0.48 0.48 0.48 0.50667 0.50667 0.54667 0.58667 0.58667 0.62667 0.66667 0.66667 0.68 0.68 0.68 0.68 0.68 0.68 0.68 0.68 0.68 0.768 0.768 0.944 0.944 1.208 1.472 1.472 1.736 1.912 1.912 2 2 2 2 2 1.824 1.648 1.648 1.384 1.12 1.12 0.856 0.856 0.768 0.68 0.68 0.68 0.68 0.68 0.68 0.68 0.768 0.856 0.856
0.52 0.48 0.48 0.48 0.48 0.48 0.48 0.48 0.48 0.48 0.48 0.48 0.48 0.48 0.48 0.48 0.48 0.48 0.48 0.48 0.48 0.48 0.48 0.48 0.48 0.48 0.48 0.48 0.52 0.52 0.56 0.6 0.6 0.64 0.68 0.68 0.68 0.68 0.68 0.68 0.68 0.68 0.68 0.68 0.768 0.944 0.944 1.208 1.208 1.472 1.736 1.736 1.912 2 2 2 2 2 2 2 1.912 1.824 1.824 1.648 1.384 1.384 1.12 1.12 0.944 0.768 0.768 0.68 0.68 0.68 0.68 0.768 0.768 0.856 0.856
0.52 0.48 0.48 0.48 0.48 0.48 0.48 0.48 0.48 0.48 0.48 0.48 0.48 0.48 0.48 0.48 0.48 0.48 0.48 0.48 0.48 0.48 0.48 0.48 0.48 0.48 0.48 0.48 0.52 0.52 0.56 0.6 0.6 0.64 0.68 0.68 0.68 0.68 0.68 0.68 0.68 0.68 0.856 0.856 1.032 1.12 1.12 1.296 1.296 1.56 1.648 1.648 1.736 1.912 1.912 2 2 2 2 2 2 2 2 1.824 1.56 1.56 1.296 1.296 1.032 0.768 0.768 0.68 0.68 0.68 0.68 0.944 0.944 1.208 1.208
0.50667 0.48 0.48 0.48 0.48 0.48 0.48 0.48 0.48 0.48 0.48 0.48 0.48 0.48 0.48 0.48 0.48 0.48 0.48 0.48 0.48 0.48 0.502 0.524 0.524 0.524 0.524 0.524 0.53733 0.53733 0.542 0.54667 0.54667 0.58667 0.62667 0.62667 0.65333 0.66667 0.66667 0.68 0.68 0.856 1.032 1.032 1.032 1.032 1.032 1.032 1.032 0.944 0.944 0.944 1.208 1.472 1.472 1.736 1.912 1.912 2 2 2 2 2 1.736 1.472 1.472 1.208 0.944 0.944 0.68 0.68 0.68 0.68 0.68 0.68 0.944 0.944 1.208 1.208
0.48 0.48 0.48 0.48 0.48 0.48 0.48 0.48 0.48 0.48 0.48 0.48 0.48 0.48 0.48 0.48 0.48 0.502 0.546 0.546 0.524 0.524 0.568 0.612 0.612 0.634 0.612 0.612 0.59 0.55933 0.55933 0.52867 0.52867 0.53333 0.57333 0.57333 0.61333 0.64 0.64 0.66667 0.66667 0.944 1.12 1.12 1.208 1.208 1.208 1.208 0.944 0.944 0.856 0.856 1.032 1.296 1.296 1.56 1.824 1.824 2 2 2 2 2 1.824 1.56 1.56 1.296 1.032 1.032 0.768 0.768 0.856 1.032 1.032 1.208 1.472 1.472 1.736 1.736
0.48 0.48 0.48 0.48 0.48 0.48 0.48 0.48 0.48 0.48 0.48 0.48 0.48 0.48 0.48 0.502 0.502 0.546 0.612 0.612 0.678 0.678 0.744 0.788 0.788 0.81 0.788 0.788 0.766 0.7 0.7 0.634 0.634 0.568 0.53733 0.53733 0.53333 0.66133 0.66133 0.87733 0.87733 1.1813 1.472 1.472 1.736 1.736 1.736 1.56 1.296 1.296 1.032 1.032 0.944 1.12 1.12 1.384 1.648 1.648 1.912 1.912 2 2 2 2 1.824 1.824 1.56 1.296 1.296 1.208 1.208 1.208 1.384 1.384 1.648 1.912 1.912 2 2
0.48 0.48 0.48 0.48 0.48 0.48 0.48 0.48 0.48 0.48 0.502 0.502 0.546 0.546 0.59 0.656 0.656 0.722 0.766 0.766 0.788 0.788 0.81 0.81 0.81 0.81 0.81 0.81 0.81 0.788 0.788 0.722 0.722 0.656 0.59 0.59 0.564 0.824 0.824 1.128 1.128 1.432 1.736 1.736 2 1.912 1.912 1.736 1.648 1.648 1.296 1.296 1.12 1.12 1.12 1.296 1.384 1.384 1.56 1.736 1.736 1.824 1.824 1.824 1.824 1.824 1.648 1.384 1.384 1.384 1.384 1.384 1.472 1.472 1.736 2 2 2 1.912
0.678 0.656 0.656 0.612 0.524 0.524 0.502 0.48 0.48 0.502 0.546 0.546 0.612 0.612 0.678 0.744 0.744 0.788 0.81 0.81 0.81 0.81 0.81 0.81 0.81 0.81 0.88933 0.88933 0.88933 0.88933 0.88933 0.82333 0.82333 0.75733 0.612 0.612 0.586 0.824 0.824 1.128 1.432 1.432 1.736 1.736 2 1.824 1.824 1.648 1.648 1.648 1.472 1.472 1.208 1.12 1.12 1.12 0.856 0.856 0.856 1.12 1.12 1.384 1.384 1.56 1.824 1.824 1.736 1.472 1.472 1.384 1.384 1.208 1.032 1.032 1.208 1.384 1.384 1.296 1.208
0.788 0.766 0.7 0.7 0.656 0.656 0.59 0.546 0.546 0.568 0.634 0.634 0.7 0.7 0.766 0.81 0.81 0.81 0.81 0.81 0.81 0.81 0.81 0.81 0.81 0.81 0.88933 0.88933 0.96867 1.1273 1.1273 1.1053 1.1053 1.0833 0.938 0.938 0.806 0.696 0.696 0.78 0.864 0.864 1.08 1.08 1.2827 1.208 1.208 1.12 1.12 1.12 1.12 1.12 1.12 1.208 1.208 1.296 1.208 1.208 1.296 1.384 1.384 1.56 1.56 1.736 2 2 1.824 1.56 1.56 1.296 1.032 1.032 0.768 0.768 0.68 0.68 0.68 0.68 0.68
0.81 0.81 0.788 0.788 0.82333 0.82333 0.80133 0.80133 0.80133 0.80133 0.82333 0.82333 0.788 0.788 0.81 0.81 0.81 0.81 0.81 0.81 0.81 0.81 0.81 0.88933 0.88933 1.048 1.2067 1.2067 1.3653 1.6033 1.6033 1.6827 1.6033 1.6033 1.3787 1.22 0.99533 0.70467 0.70467 0.59933 0.57333 0.57333 0.70133 0.70133 0.82933 0.856 0.856 0.856 0.856 0.856 0.856 1.032 1.032 1.208 1.208 1.384 1.384 1.384 1.472 1.384 1.384 1.472 1.472 1.56 1.824 1.824 1.824 1.648 1.648 1.384 1.12 1.12 0.856 0.856 0.68 0.68 0.68 0.68 0.68
0.81 0.81 0.88933 0.88933 1.026 1.026 1.026 1.026 1.026 1.026 0.94667 0.94667 0.81 0.81 0.81 0.81 0.81 0.81 0.81 0.81 0.81 0.81 0.81 0.96867 0.96867 1.2067 1.4447 1.4447 1.6827 1.9207 1.9207 2 1.9207 1.9207 1.6167 1.6167 1.3127 1.0087 1.0087 0.73133 0.54667 0.54667 0.58667 0.58667 0.62667 0.66667 0.66667 0.68 0.68 0.68 0.68 0.856 0.856 1.12 1.12 1.384 1.472 1.472 1.472 1.296 1.296 1.12 1.12 1.032 1.12 1.12 1.208 1.208 1.208 1.12 0.944 0.944 0.768 0.768 0.68 0.68 0.68 0.68 0.68
0.81 0.81 0.88933 0.88933 1.1273 1.1273 1.1273 1.1273 1.1273 1.1273 1.048 1.048 0.81 0.81 0.81 0.81 0.81 0.81 0.81 0.81 0.88933 0.96867 0.96867 1.2067 1.2067 1.4447 1.6827 1.6827 1.7533 1.824 1.824 1.736 1.648 1.648 1.344 1.344 1.128 0.912 0.912 0.696 0.52 0.52 0.56 0.6 0.6 0.64 0.64 0.68 0.68 0.68 0.68 0.68 0.68 0.768 0.768 0.856 0.856 0.856 0.856 0.856 0.856 0.768 0.68 0.68 0.68 0.856 0.856 0.856 0.856 0.856 0.768 0.768 0.68 0.68 0.68 0.68 0.68 0.68 0.68
0.81 0.81 0.81 0.81 1.048 1.2067 1.2067 1.2067 1.2067 1.2067 1.2067 1.2067 0.96867 0.81 0.81 0.81 0.81 0.81 0.81 0.81 0.88933 0.96867 0.96867 1.1273 1.286 1.286 1.4447 1.4447 1.4273 1.41 1.41 1.3133 1.2167 1.2167 1.0053 1.0053 0.87733 0.74933 0.74933 0.62133 0.52 0.52 0.54667 0.58667 0.58667 0.62667 0.62667 0.66667 0.68 0.68 0.68 0.68 0.68 0.68 0.68 0.68 0.68 0.68 0.68 0.68 0.68 0.68 0.68 0.68 0.68 0.68 0.68 0.68 0.68 0.68 0.68 0.68 0.68 0.68 0.68 0.68 0.68 0.68 0.68
0.88933 0.88933 0.96867 0.96867 1.1273 1.3653 1.3653 1.3653 1.3653 1.3653 1.286 1.286 1.048 0.81 0.81 0.81 0.81 0.88933 0.96867 0.96867 1.048 1.048 1.048 1.1273 1.048 1.048 0.96867 0.96867 0.86333 0.83733 0.83733 0.732 0.706 0.706 0.66667 0.66667 0.62667 0.58667 0.58667 0.54667 0.50667 0.50667 0.49333 0.53333 0.53333 0.57333 0.57333 0.61333 0.65333 0.65333 0.68 0.68 0.68 0.68 0.68 0.68 0.68 0.68 0.68 0.68 0.68 0.68 0.68 0.68 0.68 0.68 0.68 0.68 0.68 0.68 0.68 0.68 0.68 0.68 0.68 0.68 0.68 0.68 0.68
1.6033 1.6827 1.762 1.762 1.762 1.8413 1.8413 1.6827 1.6827 1.524 1.286 1.286 1.048 0.88933 0.88933 1.048 1.048 1.286 1.4447 1.4447 1.524 1.524 1.524 1.6033 1.524 1.524 1.524 1.524 1.4187 1.3133 1.3133 1.0493 0.86467 0.86467 0.64 0.6 0.6 0.56 0.56 0.52 0.48 0.48 0.48 0.49333 0.49333 0.52 0.52 0.54667 0.58667 0.58667 0.66667 0.68 0.68 0.68 0.68 0.68 0.68 0.68 0.68 0.68 0.68 0.68 0.68 0.68 0.68 0.68 0.68 0.68 0.68 0.68 0.68 0.68 0.68 0.68 0.68 0.68 0.68 0.68 0.68
1.2067 1.2067 1.2067 1.2067 1.6033 1.6033 1.6033 1.4447 1.4447 1.286 1.1273 1.1273 0.96867 0.96867 0.96867 1.2067 1.3653 1.3653 1.4447 1.4447 1.4447 1.4447 1.4447 1.4447 1.524 1.524 1.6827 1.6827 1.6567 1.4807 1.4807 1.2253 0.97 0.97 0.666 0.626 0.626 0.57733 0.57733 0.52867 0.48 0.48 0.48 0.48 0.48 0.49333 0.49333 0.50667 0.53333 0.53333 0.57333 0.61333 0.61333 0.62667 0.62667 0.62667 0.61333 0.61333 0.6 0.6 0.6 0.61333 0.64 0.64 0.66667 0.66667 0.68 0.68 0.68 0.68 0.68 0.68 0.68 0.68 0.68 0.68 0.68 0.68 0.68
0.81 0.81 0.81 0.81 0.81 0.88933 0.88933 0.88933 0.88933 0.88933 0.88933 0.88933 0.88933 1.048 1.048 1.286 1.286 1.286 1.286 1.286 1.286 1.1273 1.1273 0.96867 1.048 1.048 1.2067 1.2067 1.2773 1.198 1.198 1.1187 1.0393 1.0393 0.85867 0.766 0.766 0.722 0.722 0.656 0.59 0.59 0.546 0.502 0.502 0.48 0.48 0.48 0.48 0.48 0.49333 0.50667 0.50667 0.50667 0.50667 0.50667 0.50667 0.50667 0.49333 0.50667 0.50667 0.54667 0.58667 0.58667 0.62667 0.66667 0.66667 0.68 0.68 0.68 0.66667 0.66667 0.65333 0.64 0.64 0.61333 0.61333 0.58667 0.57333
0.88933 1.048 1.2067 1.2067 1.3653 1.6033 1.6033 1.6033 1.4447 1.4447 1.286 1.286 1.1273 1.1273 1.1273 1.286 1.286 1.286 1.286 1.286 1.286 1.048 1.048 0.81 0.81 0.81 0.81 0.96867 0.96867 1.1273 1.1273 1.1273 1.1273 1.1273 1.048 0.88933 0.88933 0.788 0.788 0.744 0.678 0.678 0.612 0.546 0.546 0.502 0.48 0.48 0.48 0.48 0.48 0.48 0.48 0.48 0.48 0.48 0.48 0.48 0.48 0.49333 0.49333 0.52 0.54667 0.54667 0.57333 0.6 0.6 0.61333 0.61333 0.61333 0.6 0.6 0.58667 0.57333 0.57333 0.54667 0.54667 0.53333 0.53333
0.88933 1.1273 1.3653 1.3653 1.6033 1.8413 1.8413 1.8413 1.6033 1.6033 1.3653 1.3653 1.1273 1.1273 1.1273 1.286 1.286 1.286 1.286 1.286 1.286 1.048 1.048 0.81 0.81 0.81 0.81 0.88933 0.88933 1.1273 1.1273 1.2067 1.2067 1.2067 1.2067 1.1273 1.1273 0.88933 0.88933 0.81 0.744 0.744 0.678 0.612 0.612 0.546 0.48 0.48 0.48 0.48 0.48 0.48 0.48 0.48 0.48 0.48 0.48 0.48 0.48 0.48 0.48 0.48 0.48 0.48 0.48 0.48 0.48 0.48 0.48 0.48 0.48 0.48 0.48 0.58133 0.58133 0.696 0.736 0.736 0.776
0.81 1.048 1.286 1.286 1.524 1.762 1.762 1.9207 1.8413 1.8413 1.762 1.762 1.6033 1.4447 1.4447 1.3653 1.2067 1.2067 1.048 1.048 1.048 1.048 1.048 1.1273 1.286 1.286 1.4447 1.524 1.524 1.6827 1.6827 1.762 1.6033 1.6033 1.4447 1.286 1.286 1.048 0.81 0.81 0.744 0.744 0.678 0.634 0.634 0.612 0.59 0.59 0.62533 0.62533 0.652 0.65667 0.65667 0.626 0.59533 0.59533 0.56 0.53333 0.53333 0.52 0.52 0.53333 0.54667 0.54667 0.57333 0.53333 0.53333 0.54667 0.54667 0.54667 0.54667 0.54667 0.63467 0.824 0.824 1.0267 1.1413 1.1413 1.168
0.96867 0.96867 1.2067 1.2067 1.4447 1.6827 1.6827 1.9207 1.9207 1.9207 1.762 1.762 1.6033 1.3653 1.3653 1.2067 1.2067 1.2067 1.286 1.2067 1.2067 1.3653 1.3653 1.524 1.6827 1.6827 1.8413 1.9207 1.9207 2 2 2 1.762 1.762 1.524 1.286 1.286 1.048 0.81 0.81 0.766 0.766 0.722 0.7 0.7 0.7 0.7 0.7 0.81467 0.81467 0.92067 0.91667 0.91667 0.87733 0.838 0.838 0.71467 0.6 0.6 0.58667 0.58667 0.6 0.61333 0.61333 0.64 0.66667 0.66667 0.768 0.768 0.944 1.12 1.12 1.384 1.648 1.648 1.824 1.736 1.736 1.56
0.88933 0.88933 1.048 1.048 1.2067 1.4447 1.4447 1.6827 1.6827 1.6827 1.524 1.524 1.3653 1.1273 1.1273 0.96867 1.048 1.048 1.286 1.4447 1.4447 1.6827 1.6827 1.8413 1.9207 1.9207 1.9207 2 2 2 2 1.9207 1.6827 1.6827 1.4447 1.2067 1.2067 0.96867 0.81 0.81 0.81 0.81 0.81 0.88933 0.88933 1.048 1.2067 1.2067 1.4447 1.6827 1.6827 1.5773 1.5773 1.3927 1.208 1.208 0.944 0.68 0.68 0.68 0.68 0.68 0.68 0.68 0.68 0.68 0.68 0.944 1.208 1.208 1.472 1.472 1.736 1.912 1.912 1.736 1.472 1.472 1.208
1.048 1.048 1.1273 1.1273 1.1273 1.2067 1.2067 1.1273 1.048 1.048 0.96867 0.96867 0.96867 0.88933 0.88933 0.81 0.81 0.81 0.88933 0.88933 0.88933 0.96867 0.96867 1.1273 1.3653 1.3653 1.524 1.762 1.762 1.8413 1.6827 1.6827 1.4447 1.4447 1.2067 0.96867 0.96867 0.81 0.81 0.81 0.81 0.81 0.88933 1.1273 1.1273 1.3653 1.6033 1.6033 1.8413 1.9207 1.9207 1.736 1.736 1.56 1.296 1.296 1.032 0.768 0.768 0.768 0.768 0.68 0.68 0.68 0.68 0.68 0.68 0.856 1.12 1.12 1.384 1.384 1.56 1.648 1.648 1.472 1.208 1.208 0.944
1.4447 1.4447 1.6827 1.4447 1.4447 1.3653 1.3653 1.1273 0.96867 0.96867 0.81 0.81 0.81 0.81 0.81 0.81 0.81 0.81 0.81 0.81 0.81 0.81 0.81 0.88933 1.048 1.048 1.286 1.524 1.524 1.6033 1.524 1.524 1.3653 1.3653 1.1273 0.88933 0.88933 0.81 0.88933 0.88933 0.96867 0.96867 1.1273 1.3653 1.3653 1.6033 1.762 1.762 1.9207 1.912 1.912 1.824 1.824 1.824 1.736 1.736 1.56 1.384 1.384 1.208 0.944 0.944 0.768 0.768 0.68 0.68 0.68 0.68 0.768 0.768 0.856 0.856 0.856 0.856 0.856 0.856 0.768 0.768 0.68
1.6033 1.6033 1.8413 1.8413 1.8413 1.6033 1.6033 1.3653 1.1273 1.1273 0.88933 0.81 0.81 0.81 0.81 0.81 0.81 0.81 0.81 0.81 0.81 0.81 0.81 0.81 0.81 0.81 0.88933 1.1273 1.1273 1.1273 1.1273 1.1273 1.1273 1.1273 1.048 0.81 0.81 0.88933 1.1273 1.1273 1.3653 1.6033 1.6033 1.8413 1.8413 2 2 2 1.912 1.648 1.648 1.472 1.472 1.296 1.208 1.208 1.032 1.032 1.032 0.944 0.856 0.856 0.68 0.68 0.68 0.68 0.68 0.68 0.68 0.68 0.68 0.68 0.68 0.68 0.68 0.68 0.68 0.68 0.68
1.6827 1.6827 1.762 1.6033 1.6033 1.3653 1.3653 1.1273 0.88933 0.88933 0.81 0.81 0.81 0.81 0.81 0.81 0.81 0.81 0.81 0.81 0.81 0.81 0.81 0.81 0.81 0.81 0.81 0.88933 0.88933 0.88933 0.88933 0.88933 0.88933 0.88933 0.96867 0.81 0.81 0.88933 1.1273 1.1273 1.3653 1.6033 1.6033 1.8413 1.8413 2 2 2 1.912 1.648 1.648 1.384 1.384 1.12 0.944 0.944 0.768 0.768 0.768 0.768 0.768 0.768 0.68 0.68 0.68 0.68 0.68 0.68 0.68 0.68 0.68 0.68 0.68 0.68 0.68 0.68 0.68 0.68 0.68
1.524 1.524 1.524 1.4447 1.4447 1.286 1.286 1.048 0.81 0.81 0.81 0.81 0.81 0.81 0.81 0.81 0.81 0.81 0.81 0.81 0.81 0.81 0.81 0.81 0.81 0.81 0.81 0.81 0.81 0.81 0.81 0.81 0.81 0.81 0.81 0.81 0.81 0.81 0.88933 0.88933 1.1273 1.3653 1.3653 1.6033 1.6033 1.8413 1.912 1.912 1.736 1.472 1.472 1.208 0.944 0.944 0.768 0.768 0.68 0.68 0.68 0.68 0.68 0.68 0.68 0.68 0.68 0.68 0.68 0.68 0.68 0.68 0.68 0.68 0.68 0.68 0.68 0.68 0.68 0.68 0.68
1.6033 1.6033 1.6827 1.762 1.762 1.762 1.762 1.6827 1.6033 1.6033 1.6033 1.6033 1.6033 1.6033 1.6033 1.6033 1.524 1.524 1.4447 1.286 1.286 1.1273 0.96867 0.96867 0.88933 0.88933 0.81 0.81 0.81 0.81 0.81 0.81 0.81 0.81 0.81 0.81 0.81 0.81 0.81 0.81 0.88933 1.1273 1.1273 1.2773 1.2773 1.3393 1.3133 1.3133 1.208 0.944 0.944 0.768 0.68 0.68 0.68 0.68 0.68 0.68 0.68 0.68 0.68 0.68 0.68 0.68 0.68 0.68 0.68 0.68 0.68 0.68 0.68 0.68 0.68 0.68 0.68 0.68 0.68 0.68 0.68
2 2 2 2 2 2 2 2 2 2 2 2 2 2 2 2 2 2 1.8413 1.6827 1.6827 1.4447 1.2067 1.2067 1.048 1.048 0.88933 0.81 0.81 0.81 0.81 0.81 0.81 0.81 0.81 0.80133 0.80133 0.79267 0.784 0.784 0.77533 0.92533 0.92533 0.996 0.996 0.97867 0.96133 0.96133 0.944 0.768 0.768 0.68 0.68 0.68 0.68 0.68 0.68 0.68 0.68 0.68 0.68 0.68 0.68 0.68 0.68 0.68 0.68 0.68 0.68 0.68 0.68 0.68 0.68 0.68 0.68 0.68 0.68 0.68 0.68
2 2 2 2 2 2 2 1.9207 1.8413 1.8413 1.762 1.6827 1.6827 1.6827 1.762 1.762 1.762 1.762 1.6827 1.6827 1.6827 1.6033 1.4447 1.4447 1.286 1.2067 1.2067 1.048 1.048 0.88067 0.79267 0.79267 0.77533 0.758 0.758 0.732 0.732 0.71467 0.69733 0.69733 0.68867 0.68 0.68 0.68 0.68 0.68 0.68 0.68 0.68 0.68 0.68 0.68 0.68 0.68 0.68 0.68 0.68 0.768 0.768 0.944 1.12 1.12 1.296 1.296 1.296 1.208 1.208 1.032 0.856 0.856 0.68 0.68 0.68 0.68 0.68 0.68 0.68 0.68 0.68
2 2 2 2 2 1.8413 1.6033 1.6033 1.3653 1.3653 1.1273 0.88933 0.88933 0.88933 1.048 1.048 1.048 1.048 1.048 1.048 1.048 1.1273 1.1273 1.1273 1.2067 1.3653 1.3653 1.348 1.348 1.1633 0.97867 0.97867 0.87333 0.68867 0.68867 0.68 0.68 0.68 0.68 0.68 0.68 0.68 0.68 0.68 0.68 0.68 0.68 0.68 0.68 0.68 0.68 0.68 0.68 0.68 0.68 0.68 0.768 0.944 0.944 1.208 1.472 1.472 1.736 1.648 1.648 1.472 1.472 1.208 0.944 0.944 0.68 0.68 0.68 0.68 0.68 0.68 0.68 0.68 0.68
2 2 1.9207 1.9207 1.9207 1.6827 1.4447 1.4447 1.2067 1.2067 0.96867 0.81 0.81 0.81 0.88933 0.88933 0.88933 0.88933 0.88933 0.88933 0.88933 0.96867 0.96867 0.96867 1.048 1.2067 1.2067 1.2687 1.2687 1.1633 1.058 1.058 0.95267 0.768 0.768 0.68 0.68 0.68 0.68 0.68 0.68 0.68 0.68 0.68 0.68 0.68 0.68 0.68 0.68 0.68 0.68 0.768 0.944 0.944 1.12 1.296 1.296 1.472 1.472 1.56 1.648 1.648 1.56 1.384 1.384 1.208 1.208 1.032 0.768 0.768 0.68 0.68 0.68 0.68 0.68 0.68 0.68 0.68 0.68
1.9207 1.9207 1.762 1.524 1.524 1.286 1.048 1.048 0.88933 0.88933 0.81 0.81 0.81 0.81 0.81 0.81 0.81 0.81 0.81 0.81 0.81 0.81 0.81 0.81 0.81 0.81 0.81 0.88933 0.88933 0.95133 0.92533 0.92533 0.89933 0.87333 0.87333 0.768 0.68 0.68 0.68 0.68 0.68 0.68 0.68 0.68 0.68 0.68 0.68 0.68 0.68 0.68 0.68 0.768 0.944 0.944 1.032 1.032 1.032 1.032 1.032 0.944 0.856 0.856 0.768 0.768 0.768 0.768 0.768 0.768 0.68 0.68 0.68 0.68 0.68 0.68 0.68 0.68 0.68 0.68 0.68
