data/Petrone_etal_2016/Active_Layer_Depth/tbl_al_thickness_utm22n.asc
ncols         541
nrows         475
xllcorner     534622.5
yllcorner     7445082.5
cellsize      5
NODATA_value  -9999
[rows 140 to 174 of 475, columns 234 to 311 of 541]
-9999 -9999 -9999 -9999 -9999 -9999 -9999 -9999 -9999 -9999 -9999 1.4133 1.56 1.7171 1.912 2 1.9133 1.74 1.48 1.22 0.96 0.78667 0.7 0.7 0.7 0.7 0.7 0.96 1.22 1.48 1.74 2 2 2 2 2 2 2 2 2 2 2 2 2 2 2 2 2 2 2 2 1.912 1.648 1.384 1.12 0.85733 0.684 0.68667 0.68933 0.69067 0.68933 0.68667 0.684 0.68133 0.66667 0.64 0.6 0.604 0.63 0.66933 0.722 0.788 0.81 0.81 0.81 0.81 0.81 0.80133
-9999 -9999 -9999 -9999 -9999 -9999 -9999 -9999 -9999 -9999 0.82667 1.12 1.34 1.56 1.824 2 1.8267 1.5667 1.3067 1.0467 0.78667 0.7 0.7 0.7 0.7 0.7 0.78667 1.0467 1.3067 1.5667 1.8267 2 2 2 2 2 2 2 2 1.912 1.824 1.736 1.736 1.736 1.824 1.912 2 2 2 2 2 1.824 1.56 1.296 1.0333 0.772 0.688 0.692 0.696 0.69733 0.696 0.692 0.688 0.684 0.65467 0.61333 0.57333 0.55533 0.57267 0.61667 0.674 0.74 0.784 0.79267 0.80133 0.81 0.81 0.81
-9999 -9999 -9999 -9999 -9999 -9999 -9999 -9999 -9999 1.175 1.16 1.34 1.472 1.648 1.824 2 1.8267 1.6533 1.48 1.22 0.96733 0.888 0.80867 0.72933 0.73667 0.816 0.982 1.2347 1.4873 1.74 1.9133 2 2 2 2 2 2 1.912 1.824 1.648 1.472 1.296 1.384 1.472 1.648 1.824 2 2 2 2 2 1.736 1.472 1.208 0.94667 0.68667 0.69067 0.69467 0.69867 0.7 0.69733 0.69333 0.68933 0.68533 0.64133 0.6 0.56 0.52 0.51533 0.564 0.61267 0.67 0.736 0.76667 0.784 0.80133 0.81 0.81
-9999 -9999 -9999 -9999 -9999 -9999 -9999 -9999 -9999 1.64 1.5938 1.648 1.736 1.824 1.912 2 1.9133 1.8267 1.74 1.5667 1.4007 1.242 1.0833 0.92467 0.85267 0.932 1.1773 1.4227 1.668 1.9133 2 2 2 2 2 2 2 1.824 1.648 1.384 1.12 0.856 1.032 1.208 1.472 1.736 2 2 2 2 2 1.736 1.4733 1.2107 0.95067 0.69067 0.69467 0.69733 0.7 0.7 0.69733 0.69333 0.68933 0.68533 0.65467 0.61333 0.57333 0.53333 0.50667 0.53333 0.57333 0.622 0.67933 0.732 0.758 0.784 0.80133 0.81
-9999 -9999 -9999 -9999 -9999 -9999 -9999 2 2 2 2 2 2 2 2 2 2 2 2 1.9133 1.834 1.6753 1.4373 1.1993 1.048 1.048 1.2067 1.4447 1.6827 1.9207 2 2 2 2 2 2 1.912 1.648 1.384 1.12 0.856 0.68 0.944 1.208 1.472 1.736 2 2 2 2 2 1.7373 1.476 1.2147 0.95467 0.69467 0.69733 0.69867 0.7 0.7 0.696 0.692 0.688 0.684 0.66667 0.64 0.6 0.56 0.52 0.52 0.54667 0.58667 0.63533 0.69267 0.72333 0.74067 0.758 0.77533
-9999 -9999 -9999 -9999 -9999 -9999 2 2 2 2 2 2 2 2 2 2 2 2 2 2 2 1.9207 1.6827 1.4447 1.2067 1.048 1.048 1.2067 1.3653 1.6033 1.762 1.8413 1.9207 2 2 2 1.912 1.648 1.384 1.12 0.856 0.68 0.944 1.208 1.472 1.736 2 2 2 2 2 1.7387 1.4787 1.2187 0.95867 0.69867 0.7 0.7 0.7 0.7 0.696 0.692 0.688 0.684 0.68 0.66667 0.62667 0.58667 0.54667 0.52 0.52 0.56 0.6 0.64867 0.684 0.706 0.71467 0.732
-9999 -9999 -9999 -9999 2 2 2 2 2 2 2 2 2 2 2 2 2 2 1.9207 1.8413 1.762 1.6753 1.43 1.2713 1.1053 0.93933 0.86733 0.954 1.0333 1.1993 1.4447 1.6033 1.762 1.9207 2 2 1.912 1.736 1.56 1.296 1.032 0.944 1.12 1.296 1.56 1.824 2 1.9133 1.8267 1.74 1.6533 1.3933 1.22 1.0467 0.87333 0.7 0.7 0.7 0.7 0.7 0.69733 0.69467 0.69067 0.68667 0.68267 0.68133 0.65333 0.61333 0.57333 0.53333 0.50667 0.52 0.56 0.6 0.62667 0.64 0.65333 0.662
-9999 -9999 -9999 2 2 2 2 2 2 2 2 2 2 2 1.9207 1.8413 1.762 1.6827 1.524 1.4447 1.358 1.264 1.0907 1.004 0.91 0.82333 0.75867 0.77333 0.78067 0.87467 1.1273 1.3653 1.6033 1.8413 2 2 2 1.912 1.824 1.648 1.472 1.384 1.472 1.56 1.736 1.912 2 1.8267 1.6533 1.48 1.3067 1.0467 0.96 0.87333 0.78667 0.7 0.7 0.7 0.7 0.7 0.69867 0.69733 0.69467 0.69067 0.68667 0.684 0.668 0.62667 0.58667 0.54667 0.50667 0.49333 0.52 0.54667 0.56 0.57333 0.58667 0.6
-9999 -9999 2 2 2 2 2 2 2 2 2 1.9207 1.8413 1.762 1.6033 1.4447 1.358 1.2713 1.1053 1.0187 0.92467 0.83067 0.73667 0.72933 0.71467 0.70733 0.80867 0.91 1.004 1.1053 1.3653 1.524 1.6827 1.8413 2 2 2 2 2 1.912 1.824 1.824 1.824 1.824 1.912 2 1.9133 1.6533 1.3933 1.1333 0.87333 0.7 0.7 0.7 0.7 0.7 0.7 0.7 0.7 0.7 0.7 0.7 0.69867 0.696 0.69333 0.68933 0.68533 0.64267 0.60133 0.56 0.52 0.48 0.49333 0.50667 0.50667 0.50667 0.52 0.53333
-9999 2 2 2 2 2 2 2 2 2 1.9207 1.762 1.596 1.43 1.192 1.0333 0.93933 0.85267 0.766 0.75133 0.72933 0.722 0.71467 0.70733 0.78667 0.87333 1.054 1.2347 1.4153 1.5093 1.6827 1.762 1.8413 1.9207 2 2 2 2 2 2 2 2 2 2 2 2 1.8267 1.5667 1.3067 1.0467 0.78667 0.7 0.7 0.7 0.7 0.7 0.7 0.7 0.7 0.7 0.7 0.7 0.7 0.69867 0.69733 0.69467 0.692 0.648 0.60533 0.56267 0.52133 0.48 0.48 0.48 0.48 0.48 0.48 0.49333
-9999 2 2 2 2 2 2 2 1.9207 1.8413 1.6827 1.4447 1.192 1.0187 0.85267 0.766 0.744 0.73667 0.72933 0.71467 0.7 0.78667 0.87333 0.96 1.1333 1.3067 1.48 1.6533 1.8267 1.9133 2 2 2 2 1.912 1.824 1.824 1.824 1.824 1.912 2 2 2 2 2 1.9133 1.6533 1.3933 1.1333 0.87333 0.7 0.7 0.7 0.7 0.7 0.7 0.7 0.7 0.7 0.7 0.7 0.7 0.7 0.7 0.7 0.69867 0.69733 0.65333 0.60933 0.56533 0.52267 0.48 0.48 0.48 0.48 0.48 0.48 0.48
2 2 1.915 1.9207 1.9207 1.9207 1.9207 1.9207 1.762 1.6033 1.3653 1.12 0.93933 0.838 0.744 0.72933 0.71467 0.71467 0.71467 0.794 0.87333 1.0467 1.22 1.3933 1.5667 1.74 1.8267 1.9133 2 2 2 2 2 2 1.824 1.648 1.56 1.472 1.384 1.56 1.736 1.7373 1.7387 1.74 1.6533 1.48 1.3067 1.1333 0.96 0.78667 0.7 0.7 0.7 0.7 0.7 0.7 0.7 0.7 0.7 0.7 0.7 0.7 0.7 0.7 0.7 0.7 0.7 0.656 0.612 0.568 0.524 0.48 0.48 0.48 0.48 0.48 0.48 0.48
2 2 1.9207 1.8413 1.8413 1.8413 1.762 1.6827 1.524 1.286 1.048 0.87467 0.77333 0.75133 0.72933 0.71467 0.70733 0.70733 0.70733 0.88067 1.0467 1.3067 1.5667 1.8267 1.9133 2 2 2 2 2 2 2 2 2 1.824 1.56 1.384 1.208 1.032 1.12 1.2973 1.3 1.3027 1.3053 1.22 1.0467 0.96 0.87333 0.78667 0.7 0.7 0.7 0.7 0.7 0.7 0.7 0.7 0.7 0.7 0.7 0.7 0.7 0.7 0.7 0.7 0.7 0.7 0.67067 0.62667 0.58267 0.53867 0.49467 0.48 0.48 0.48 0.48 0.48 0.48
1.78 1.7447 1.674 1.6033 1.524 1.4447 1.3653 1.3653 1.3653 1.2067 1.048 0.954 0.86 0.766 0.75133 0.744 0.73667 0.72933 0.722 0.97467 1.22 1.48 1.74 2 2 2 2 2 2 2 2 2 2 2 1.912 1.736 1.472 1.208 0.944 0.856 0.85733 0.86 0.86267 0.86667 0.78267 0.696 0.696 0.69733 0.69733 0.69733 0.69867 0.7 0.7 0.7 0.7 0.7 0.7 0.7 0.7 0.7 0.7 0.69867 0.69733 0.696 0.69467 0.69467 0.696 0.68267 0.64 0.59733 0.55333 0.50933 0.48 0.48 0.48 0.48 0.48 0.48
1.56 1.5687 1.586 1.524 1.3653 1.2067 1.1273 1.2067 1.3653 1.3653 1.286 1.1993 1.0333 0.86733 0.78067 0.78067 0.77333 0.75867 0.744 0.98933 1.2273 1.48 1.74 2 2 2 2 2 2 2 2 2 2 2 2 1.912 1.736 1.472 1.208 0.944 0.85733 0.77067 0.772 0.77467 0.77733 0.68933 0.68933 0.69067 0.69067 0.692 0.69467 0.69733 0.69867 0.7 0.7 0.7 0.7 0.7 0.7 0.7 0.7 0.69733 0.69467 0.692 0.68933 0.68933 0.692 0.69467 0.65333 0.612 0.568 0.524 0.48 0.48 0.48 0.48 0.48 0.48
1.45 1.4807 1.5067 1.4447 1.2067 1.048 1.048 1.2067 1.4447 1.6033 1.524 1.3653 1.2067 0.96867 0.81 0.81 0.79533 0.77333 0.75133 0.98933 1.2273 1.48 1.74 2 2 2 2 2 2 2 2 2 2 2 2 2 1.912 1.736 1.472 1.296 1.208 1.032 0.944 0.94533 0.85867 0.68267 0.68267 0.684 0.684 0.68667 0.69067 0.69467 0.69733 0.7 0.7 0.7 0.7 0.7 0.7 0.7 0.69867 0.69467 0.69067 0.68667 0.68267 0.684 0.688 0.692 0.652 0.612 0.568 0.524 0.48 0.48 0.48 0.48 0.48 0.48
1.56 1.648 1.674 1.524 1.286 1.1273 1.048 1.2067 1.4447 1.6033 1.524 1.3653 1.2067 0.96867 0.81 0.81 0.80267 0.78067 0.75867 0.99667 1.2347 1.48 1.74 2 2 2 2 2 2 2 2 2 2 2 2 2 2 1.912 1.736 1.648 1.648 1.384 1.208 1.12 0.944 0.68 0.68 0.68 0.68133 0.68533 0.68933 0.69333 0.69733 0.7 0.7 0.7 0.7 0.7 0.69867 0.69733 0.69467 0.69067 0.68667 0.684 0.68133 0.684 0.688 0.692 0.66667 0.62667 0.58267 0.53867 0.49467 0.48 0.48 0.48 0.48 0.48
1.6954 1.7447 1.6827 1.4447 1.2067 1.048 1.048 1.2067 1.4447 1.524 1.4447 1.286 1.1273 0.88933 0.81 0.81 0.80267 0.788 0.85267 1.0907 1.3287 1.574 1.8267 2 2 2 2 2 2 2 2 2 2 2 2 2 2 2 1.912 1.912 1.824 1.648 1.384 1.208 0.944 0.768 0.68133 0.68267 0.68533 0.68933 0.69333 0.696 0.69867 0.7 0.7 0.7 0.69867 0.69733 0.69467 0.692 0.688 0.68533 0.68267 0.68267 0.68267 0.68667 0.69067 0.69467 0.68267 0.64133 0.59733 0.55333 0.50933 0.48 0.48 0.48 0.48 0.49333
1.6414 1.5947 1.4447 1.2067 1.048 0.88933 0.96867 1.2067 1.4447 1.4447 1.4447 1.286 1.048 0.81 0.81 0.81 0.81 0.80267 0.87467 1.1127 1.3507 1.5887 1.834 2 2 2 2 2 2 2 2 2 2 2 2 2 2 2 2 1.912 1.736 1.648 1.384 1.12 0.944 0.85733 0.684 0.68667 0.69067 0.69467 0.69733 0.69867 0.7 0.7 0.7 0.7 0.69733 0.69467 0.69067 0.68667 0.68267 0.68133 0.68 0.68133 0.684 0.688 0.692 0.696 0.69867 0.656 0.612 0.568 0.524 0.48 0.48 0.48 0.48 0.50667
1.5947 1.4447 1.2067 0.96867 0.88933 0.81 1.048 1.286 1.524 1.524 1.524 1.286 1.048 0.81 0.81 0.81 0.81 0.81 0.88933 1.048 1.286 1.524 1.762 1.9207 2 2 2 2 2 2 2 2 2 2 2 2 2 2 2 1.912 1.648 1.56 1.296 1.032 0.85733 0.86 0.688 0.692 0.696 0.69867 0.7 0.7 0.7 0.7 0.7 0.69867 0.69467 0.69067 0.68667 0.68267 0.68 0.68 0.68 0.68133 0.684 0.688 0.692 0.696 0.69867 0.67067 0.62667 0.58267 0.53867 0.49467 0.48 0.48 0.48 0.52
1.4447 1.286 1.1273 0.96867 0.96867 0.96867 1.1273 1.3653 1.524 1.524 1.4447 1.2067 0.96867 0.81 0.81 0.81 0.81 0.81 0.88933 1.048 1.286 1.524 1.762 1.9207 2 2 2 2 2 2 2 2 2 2 2 2 2 2 2 1.912 1.736 1.56 1.2973 1.0347 0.86133 0.77733 0.69333 0.696 0.69867 0.7 0.7 0.7 0.7 0.69867 0.69733 0.69467 0.69067 0.68667 0.684 0.68133 0.68 0.68 0.68 0.68 0.68133 0.684 0.688 0.692 0.696 0.684 0.64133 0.59733 0.55333 0.50933 0.48 0.48 0.48 0.52
1.286 1.286 1.2067 1.2067 1.286 1.286 1.3653 1.6033 1.6827 1.6033 1.4447 1.2067 0.96867 0.81 0.81 0.81 0.81 0.81 0.96867 1.1273 1.3653 1.6033 1.8413 1.9207 2 2 2 2 2 2 2 2 2 2 2 2 2 2 2 2 1.8253 1.5627 1.3013 1.04 0.78 0.69467 0.69733 0.69867 0.7 0.7 0.7 0.7 0.69867 0.696 0.69333 0.68933 0.68533 0.68267 0.68133 0.68 0.68 0.68 0.68 0.68 0.68 0.68267 0.68667 0.69067 0.69467 0.69867 0.656 0.612 0.568 0.524 0.48 0.48 0.48 0.50667
1.2067 1.286 1.286 1.3653 1.4447 1.4447 1.524 1.762 1.8413 1.762 1.524 1.286 1.048 0.88933 0.81 0.81 0.81 0.81 1.048 1.286 1.524 1.762 2 2 2 2 2 2 2 2 2 2 2 2 2 2 2 2 2 2 1.8267 1.5653 1.3053 1.0527 0.8 0.71333 0.71467 0.71467 0.70733 0.7 0.7 0.7 0.69733 0.69333 0.68933 0.68533 0.68133 0.68 0.68 0.68 0.68 0.68 0.68 0.68 0.68133 0.684 0.688 0.692 0.696 0.69867 0.656 0.612 0.568 0.524 0.48 0.48 0.48 0.49333
1.2067 1.286 1.286 1.3653 1.3653 1.286 1.4447 1.6827 1.8413 1.8413 1.6827 1.4447 1.2067 0.96867 0.81 0.81 0.81 0.81 1.048 1.286 1.524 1.762 2 2 2 2 2 2 2 2 2 2 2 2 2 2 2 1.9207 1.8413 1.762 1.502 1.242 1.0687 0.90267 0.73667 0.73667 0.73667 0.72933 0.71467 0.7 0.7 0.7 0.696 0.692 0.688 0.684 0.68 0.68 0.68 0.68 0.68 0.68 0.68 0.68133 0.684 0.688 0.692 0.696 0.69867 0.7 0.656 0.612 0.568 0.524 0.48 0.48 0.48 0.48
1.286 1.286 1.286 1.286 1.1273 1.048 1.286 1.524 1.762 1.9207 1.762 1.524 1.286 1.048 0.81 0.81 0.81 0.88933 1.1273 1.3653 1.6033 1.8413 2 2 2 2 2 2 2 2 2 2 2 2 2 2 2 1.9207 1.762 1.6033 1.3507 1.098 0.932 0.85267 0.766 0.75867 0.75133 0.73667 0.71467 0.7 0.7 0.69867 0.69467 0.69067 0.68667 0.68267 0.68 0.68 0.68 0.68 0.68 0.68 0.68133 0.684 0.688 0.692 0.696 0.69867 0.7 0.7 0.656 0.612 0.568 0.524 0.48 0.48 0.48 0.48
1.3653 1.3653 1.286 1.2067 1.048 1.048 1.286 1.524 1.762 1.8413 1.6827 1.4447 1.2067 0.96867 0.81 0.81 0.81 0.96867 1.2067 1.4447 1.6827 1.9207 2 2 2 2 2 2 2 2 2 2 2 2 2 2 2 1.9207 1.6827 1.4447 1.1993 0.954 0.79533 0.788 0.77333 0.75867 0.744 0.722 0.70733 0.7 0.7 0.69733 0.69333 0.68933 0.68533 0.68133 0.68 0.68 0.68 0.68 0.68 0.68 0.68267 0.68667 0.69067 0.69467 0.69867 0.7 0.7 0.7 0.656 0.612 0.568 0.524 0.48 0.48 0.48 0.48
1.524 1.4447 1.286 1.2067 1.1273 1.286 1.524 1.762 1.9207 1.8413 1.6033 1.3653 1.1273 0.88933 0.81 0.81 0.88933 1.1273 1.3653 1.6033 1.8413 2 2 2 2 2 2 2 2 2 2 2 2 2 2 2 2 1.9207 1.6827 1.4447 1.2067 0.96867 0.81 0.79533 0.77333 0.75133 0.72933 0.70733 0.7 0.7 0.7 0.696 0.692 0.688 0.684 0.68 0.68 0.68 0.68 0.68 0.68 0.68133 0.68533 0.68933 0.69333 0.69733 0.7 0.7 0.7 0.7 0.656 0.612 0.568 0.524 0.48 0.48 0.48 0.48
1.6033 1.4447 1.286 1.2067 1.286 1.524 1.762 1.8413 1.9207 1.6827 1.4447 1.2067 1.048 0.81 0.81 0.81 0.96867 1.2067 1.4447 1.6827 1.9207 2 2 2 2 2 2 2 2 1.9207 1.9207 1.9207 1.9207 1.9207 2 1.9207 1.8413 1.6827 1.4447 1.2067 1.048 0.88933 0.80267 0.78067 0.75867 0.73667 0.71467 0.7 0.7 0.7 0.7 0.696 0.692 0.688 0.684 0.68 0.68 0.68 0.68 0.68 0.68 0.68267 0.68667 0.69067 0.69467 0.69867 0.7 0.7 0.7 0.7 0.656 0.612 0.568 0.524 0.48 0.48 0.48 0.48
1.405 1.286 1.286 1.3653 1.4447 1.6033 1.6827 1.6033 1.6033 1.4447 1.286 1.1273 1.048 0.81 0.81 0.81 0.96867 1.2067 1.4447 1.6827 1.9207 2 2 2 2 2 2 2 2 1.9207 1.8413 1.762 1.6827 1.6033 1.6033 1.524 1.4447 1.286 1.12 0.96133 0.87467 0.788 0.77333 0.75867 0.73667 0.722 0.70733 0.7 0.7 0.7 0.7 0.69733 0.69333 0.68933 0.68533 0.68133 0.68 0.68 0.68 0.68 0.68133 0.68533 0.68933 0.69333 0.69733 0.7 0.7 0.7 0.7 0.7 0.656 0.612 0.568 0.524 0.48 0.48 0.48 0.48
1.4508 1.4447 1.524 1.524 1.524 1.524 1.4447 1.2067 1.2067 1.1273 1.048 0.96867 0.96867 0.81 0.81 0.81 0.88933 1.048 1.2067 1.4447 1.6827 1.8413 1.9207 2 2 2 2 2 2 1.9207 1.762 1.6033 1.4447 1.286 1.2067 1.1273 1.048 0.96133 0.86733 0.78067 0.766 0.75133 0.73667 0.72933 0.71467 0.70733 0.7 0.7 0.7 0.7 0.7 0.69867 0.696 0.692 0.688 0.684 0.68133 0.68 0.68 0.68 0.68267 0.68667 0.69067 0.69467 0.69867 0.7 0.7 0.7 0.7 0.7 0.656 0.612 0.568 0.524 0.48 0.48 0.48 0.48
1.6033 1.6827 1.762 1.6827 1.524 1.3653 1.1273 0.88933 0.88933 0.88933 0.88933 0.88933 0.88933 0.81 0.81 0.81 0.81 0.88933 0.96867 1.1273 1.286 1.524 1.6827 1.8413 1.9207 2 2 2 2 1.9207 1.6827 1.4447 1.2067 0.96867 0.81 0.81 0.81 0.79533 0.77333 0.75867 0.73667 0.71467 0.70733 0.70733 0.7 0.7 0.7 0.69867 0.69733 0.696 0.69467 0.69333 0.692 0.68933 0.68667 0.684 0.68133 0.68 0.68 0.68 0.684 0.688 0.692 0.696 0.7 0.7 0.7 0.7 0.7 0.68533 0.64133 0.59733 0.55333 0.50933 0.48 0.48 0.48 0.48
2 2 2 1.762 1.524 1.286 1.048 0.81 0.81 0.81 0.81 0.81 0.81 0.81 0.81 0.81 0.81 0.81 0.81 0.88933 0.96867 1.2067 1.4447 1.6827 1.762 1.8413 1.762 1.6827 1.6033 1.524 1.3653 1.2067 1.048 0.88933 0.81 0.81 0.81 0.788 0.766 0.744 0.722 0.7 0.7 0.7 0.7 0.69867 0.69733 0.69467 0.692 0.68933 0.688 0.68667 0.68667 0.68533 0.684 0.68267 0.68133 0.68 0.68 0.68133 0.68533 0.68933 0.69333 0.69733 0.7 0.7 0.7 0.7 0.7 0.67067 0.62667 0.58267 0.53867 0.49467 0.48 0.48 0.48 0.48
2 2 1.9207 1.6827 1.4447 1.2067 0.96867 0.81 0.81 0.81 0.81 0.88933 0.96867 1.048 1.1273 1.1273 1.048 0.96867 0.88933 0.81 0.81 0.96867 1.2067 1.4447 1.524 1.6033 1.524 1.3653 1.2067 1.1273 1.048 0.96867 0.88933 0.81 0.81 0.81 0.80133 0.77933 0.756 0.734 0.712 0.69867 0.69867 0.7 0.69867 0.696 0.69333 0.68933 0.68533 0.68267 0.68133 0.68 0.68 0.68 0.68 0.68 0.68 0.68 0.68 0.68267 0.68667 0.69067 0.69467 0.69867 0.7 0.7 0.7 0.7 0.7 0.656 0.612 0.568 0.524 0.48 0.48 0.48 0.48 0.48
1.9085 1.8413 1.6827 1.524 1.286 1.048 0.88933 0.81 0.81 0.81 0.88933 1.048 1.2067 1.3653 1.524 1.524 1.4447 1.286 1.1273 0.96867 0.88933 0.88933 1.048 1.2067 1.2067 1.2067 1.1273 0.96867 0.81 0.81 0.81 0.81 0.81 0.81 0.81 0.80133 0.784 0.76067 0.736 0.71267 0.698 0.69333 0.69467 0.696 0.69467 0.692 0.688 0.684 0.68133 0.68 0.68 0.68 0.68 0.68 0.68 0.68 0.68 0.68 0.68133 0.68533 0.68933 0.69333 0.69733 0.7 0.7 0.7 0.7 0.7 0.68533 0.64133 0.59733 0.55333 0.50933 0.48 0.48 0.48 0.48 0.48
1.49 1.4447 1.286 1.2067 1.048 0.88933 0.81 0.81 0.81 0.88933 1.048 1.286 1.524 1.762 1.9207 1.9207 1.8413 1.6827 1.4447 1.2067 1.048 0.88933 0.88933 0.96867 0.96867 0.96867 0.96867 0.88933 0.81 0.81 0.81 0.81 0.81 0.81 0.80133 0.784 0.758 0.73333 0.70733 0.69133 0.684 0.68667 0.688 0.68933 0.688 0.68667 0.684 0.68133 0.68 0.68 0.68 0.68 0.68 0.68 0.68 0.68 0.68 0.68 0.68267 0.68667 0.69067 0.69467 0.69867 0.7 0.7 0.7 0.7 0.7 0.67067 0.62667 0.58267 0.53867 0.49467 0.48 0.48 0.48 0.48 0.48
