data/Petrone_etal_2016/Active_Layer_Depth/tbl_al_thickness_wgs84.asc
ncols         866
nrows         297
xllcorner     -50.201966770779
yllcorner     67.120582669113
cellsize      7.2870550417999e-005
NODATA_value  -9999
[rows 140 to 174 of 297, columns 316 to 394 of 866]
-9999 -9999 -9999 -9999 -9999 -9999 -9999 -9999 -9999 -9999 -9999 -9999 -9999 -9999 -9999 -9999 -9999 -9999 -9999 -9999 -9999 -9999 -9999 -9999 -9999 -9999 -9999 -9999 0.81 0.95875 0.95875 1.1345 1.3058 1.3058 1.3592 1.3592 1.405 1.4447 1.4447 1.4447 1.4447 1.4447 1.524 1.6827 1.6827 1.762 1.762 1.8413 1.8413 1.8413 1.8413 1.8413 1.8413 1.762 1.762 1.524 1.3653 1.3653 1.2067 0.96867 0.96867 0.81 0.81 0.81 0.81 0.81 0.81 0.81 0.81 0.81 0.80267 0.80267 0.78067 0.78067 0.75867 0.73667 0.73667 0.71467 0.7
-9999 -9999 -9999 -9999 -9999 -9999 -9999 -9999 -9999 -9999 -9999 -9999 -9999 -9999 -9999 -9999 -9999 -9999 -9999 -9999 -9999 -9999 -9999 -9999 -9999 -9999 -9999 -9999 1.048 0.99308 0.99308 0.88933 0.81 0.81 0.81 0.81 0.81 0.81 0.81 0.81 0.81 0.81 0.81 1.286 1.286 1.3653 1.3653 1.4447 1.4447 1.4447 1.4447 1.4447 1.4447 1.3653 1.2067 1.2067 1.1273 1.1273 1.048 0.88933 0.88933 0.81 0.81 0.81 0.81 0.81 0.81 0.81 0.81 0.81 0.79533 0.79533 0.77333 0.75133 0.75133 0.72933 0.72933 0.70733 0.7
-9999 -9999 -9999 -9999 -9999 -9999 -9999 -9999 -9999 -9999 -9999 -9999 -9999 -9999 -9999 -9999 -9999 -9999 1.15 1.15 1.2563 1.405 1.405 -9999 -9999 -9999 1.643 1.643 1.405 1.235 1.235 1.048 0.88933 0.88933 0.81 0.81 0.81 0.81 0.81 0.81 0.81 0.81 0.81 0.81 0.81 0.81 0.81 0.81 0.81 0.81 0.81 0.81 0.81 0.81 0.81 0.81 0.81 0.81 0.81 0.81 0.81 0.81 0.81 0.81 0.81 0.81 0.81 0.81 0.81 0.81 0.80267 0.80267 0.79533 0.77333 0.77333 0.75133 0.75133 0.72933 0.71467
-9999 -9999 -9999 -9999 -9999 -9999 -9999 -9999 -9999 -9999 -9999 -9999 -9999 0.81 0.81 0.81 0.99308 0.99308 1.235 1.235 1.4447 1.6033 1.6033 1.6827 1.6033 1.6033 1.6033 1.6033 1.4447 1.286 1.286 1.2067 1.1273 1.1273 0.88933 0.81 0.81 0.81 0.81 0.81 0.81 0.81 0.81 0.81 0.81 0.81 0.81 0.81 0.81 0.81 0.81 0.81 0.81 0.81 0.81 0.81 0.81 0.81 0.81 0.81 0.81 0.81 0.81 0.81 0.81 0.81 0.81 0.81 0.81 0.81 0.81 0.81 0.81 0.788 0.788 0.766 0.766 0.744 0.722
-9999 -9999 -9999 -9999 -9999 -9999 -9999 -9999 -9999 0.81 0.81 0.81 0.81 0.81 0.81 0.88933 1.1273 1.1273 1.3653 1.3653 1.6033 1.6033 1.6033 1.524 1.286 1.286 1.286 1.286 1.286 1.2067 1.2067 1.2067 1.2067 1.2067 0.96867 0.81 0.81 0.81 0.81 0.81 0.81 0.81 0.81 0.81 0.81 0.81 0.81 0.81 0.81 0.81 0.81 0.81 0.81 0.81 0.81 0.81 0.81 0.81 0.81 0.81 0.81 0.81 0.81 0.81 0.81 0.81 0.81 0.81 0.81 0.81 0.81 0.81 0.81 0.788 0.788 0.766 0.766 0.744 0.722
-9999 -9999 -9999 -9999 -9999 -9999 -9999 0.81 0.81 0.81 0.81 0.81 0.81 0.81 0.81 0.96867 1.2067 1.2067 1.4447 1.4447 1.6827 1.762 1.762 1.6033 1.3653 1.3653 1.3653 1.286 1.286 1.2067 1.2067 1.2067 1.2067 1.2067 0.96867 0.81 0.81 0.81 0.81 0.81 0.81 0.81 0.81 0.81 0.81 0.81 0.81 0.81 0.81 0.81 0.81 0.81 0.81 0.81 0.81 0.81 0.81 0.81 0.81 0.81 0.81 0.81 0.81 0.81 0.81 0.81 0.81 0.81 0.81 0.81 0.81 0.81 0.81 0.788 0.788 0.766 0.766 0.782 0.798
0.81 0.81 0.81 0.81 0.81 0.81 0.81 0.81 0.81 0.81 0.81 0.81 0.81 0.81 0.81 0.88933 1.048 1.048 1.286 1.286 1.524 1.762 1.762 1.8413 1.762 1.762 1.6827 1.4447 1.4447 1.2067 1.2067 1.048 0.96867 0.96867 0.81 0.81 0.81 0.81 0.81 0.81 0.81 0.81 0.81 0.81 0.81 0.81 0.81 0.81 0.81 0.81 0.81 0.81 0.81 0.81 0.81 0.81 0.81 0.81 0.81 0.81 0.81 0.81 0.81 0.81 0.81 0.81 0.81 0.81 0.81 0.81 0.81 0.81 0.80267 0.78067 0.78067 0.75867 0.81267 0.81267 0.86667
0.81 0.81 0.81 0.81 0.81 0.81 0.81 0.81 0.81 0.81 0.81 0.81 0.81 0.81 0.81 0.81 0.88933 0.88933 1.048 1.286 1.286 1.524 1.524 1.762 1.8413 1.8413 1.762 1.6033 1.6033 1.3653 1.3653 1.1273 0.96867 0.96867 0.88933 0.81 0.81 0.81 0.81 0.81 0.81 0.81 0.81 0.81 0.81 0.81 0.81 0.81 0.81 0.81 0.81 0.81 0.81 0.81 0.81 0.81 0.81 0.81 0.81 0.81 0.81 0.81 0.81 0.81 0.81 0.81 0.81 0.81 0.81 0.81 0.81 0.81 0.788 0.804 0.804 0.858 0.95 0.95 1.042
0.98 0.98 1.048 1.048 1.1273 1.1273 1.1273 1.048 0.96867 0.96867 0.88933 0.88933 0.81 0.81 0.81 0.81 0.81 0.81 0.81 0.88933 0.88933 0.96867 0.96867 1.048 1.1273 1.1273 1.1273 1.1273 1.1273 1.048 1.048 0.96867 0.88933 0.88933 0.88933 0.81 0.81 0.81 0.81 0.81 0.81 0.81 0.81 0.81 0.81 0.81 0.81 0.81 0.81 0.81 0.81 0.81 0.81 0.81 0.81 0.81 0.81 0.81 0.81 0.81 0.81 0.81 0.81 0.81 0.81 0.81 0.81 0.81 0.81 0.81 0.81 0.81 0.864 0.956 0.956 1.048 1.14 1.14 -9999
1.524 1.524 1.762 1.762 1.9207 1.762 1.762 1.524 1.286 1.286 1.048 1.048 0.81 0.81 0.81 0.81 0.81 0.81 0.81 0.81 0.81 0.81 0.81 0.81 0.81 0.81 0.81 0.81 0.81 0.81 0.81 0.81 0.81 0.81 0.81 0.81 0.81 0.81 0.81 0.81 0.81 0.81 0.81 0.81 0.81 0.81 0.81 0.81 0.81 0.81 0.81 0.81 0.81 0.81 0.81 0.81 0.81 0.81 0.81 0.81 0.81 0.81 0.81 0.81 0.81 0.81 0.81 0.81 0.84067 0.84067 0.87133 0.87133 0.96333 1.0553 1.0553 1.1473 1.2087 1.2087 -9999
1.6033 1.6033 1.8413 1.8413 1.9207 1.6827 1.6827 1.4447 1.2067 1.2067 0.96867 0.81 0.81 0.81 0.81 0.81 0.81 0.81 0.81 0.81 0.81 0.81 0.81 0.81 0.81 0.81 0.81 0.81 0.81 0.81 0.81 0.81 0.81 0.81 0.81 0.81 0.81 0.81 0.81 0.81 0.81 0.81 0.81 0.81 0.81 0.81 0.81 0.81 0.81 0.81 0.81 0.81 0.81 0.81 0.81 0.81 0.81 0.81 0.81 0.81 0.81 0.81 0.81 0.81 0.81 0.84067 0.84067 0.902 0.994 0.994 1.086 1.086 1.178 1.2393 1.2393 -9999 -9999 -9999 -9999
1.6827 1.6827 1.6033 1.6033 1.524 1.286 1.286 1.048 0.88933 0.88933 0.81 0.81 0.81 0.81 0.81 0.81 0.80267 0.80267 0.79533 0.788 0.788 0.78067 0.78067 0.77333 0.78067 0.78067 0.788 0.79533 0.79533 0.80267 0.81 0.81 0.81 0.81 0.81 0.81 0.81 0.81 0.81 0.81 0.81 0.81 0.81 0.81 0.81 0.81 0.81 0.81 0.788 0.766 0.766 0.744 0.744 0.722 0.722 0.722 0.744 0.766 0.766 0.81867 0.87133 0.87133 0.902 0.902 0.96333 1.0553 1.0553 1.1167 1.178 1.178 1.2393 1.2393 1.2393 -9999 -9999 -9999 -9999 -9999 -9999
1.4447 1.4447 1.2067 1.048 1.048 0.88933 0.88933 0.81 0.81 0.81 0.81 0.81 0.81 0.81 0.81 0.80267 0.78067 0.78067 0.75867 0.73667 0.73667 0.71467 0.7 0.7 0.722 0.722 0.744 0.78067 0.78067 0.79533 0.81 0.81 0.81 0.81 0.81 0.81 0.81 0.81 0.81 0.81 0.81 0.81 0.81 0.81 0.81 0.788 0.766 0.766 0.722 0.678 0.678 0.634 0.634 0.612 0.66467 0.66467 0.73933 0.814 0.814 0.91933 1.0247 1.0247 1.0553 1.0553 1.1167 1.178 1.178 1.2087 -9999 -9999 -9999 -9999 -9999 -9999 -9999 -9999 -9999 -9999 -9999
1.1273 1.1273 0.96867 0.88933 0.88933 0.81 0.81 0.81 0.81 0.81 0.81 0.81 0.81 0.81 0.81 0.80267 0.788 0.788 0.766 0.744 0.744 0.722 0.70733 0.70733 0.71467 0.71467 0.73667 0.75867 0.75867 0.78067 0.80267 0.80267 0.81 0.81 0.81 0.81 0.81 0.81 0.788 0.788 0.766 0.722 0.722 0.678 0.678 0.612 0.568 0.568 0.57667 0.60733 0.60733 0.69067 0.69067 0.796 0.954 0.954 1.0593 1.1647 1.1647 1.2173 -9999 -9999 -9999 -9999 -9999 -9999 -9999 -9999 -9999 -9999 -9999 -9999 -9999 -9999 -9999 -9999 -9999 -9999 -9999
0.80267 0.80267 0.80267 0.80267 0.80267 0.81 0.81 0.81 0.81 0.81 0.81 0.81 0.81 0.81 0.80267 0.80267 0.788 0.788 0.766 0.744 0.744 0.722 0.70733 0.70733 0.7 0.7 0.70733 0.70733 0.70733 0.70733 0.70733 0.70733 0.70733 0.678 0.678 0.656 0.656 0.634 0.59 0.59 0.59867 0.62933 0.62933 0.71267 0.71267 0.796 0.90133 0.90133 1.0067 1.112 1.112 1.1647 1.2173 1.2173 -9999 -9999 -9999 -9999 -9999 -9999 -9999 -9999 -9999 -9999 -9999 -9999 -9999 -9999 -9999 -9999 -9999 -9999 -9999 -9999 -9999 -9999 -9999 -9999 -9999
0.78067 0.78067 0.77333 0.77333 0.77333 0.78067 0.78067 0.788 0.80267 0.80267 0.81 0.80267 0.81 0.80267 0.788 0.788 0.766 0.766 0.744 0.722 0.722 0.70733 0.7 0.7 0.7 0.7 0.7 0.69267 0.69267 0.67067 0.64867 0.64867 0.62667 0.58267 0.58267 0.546 0.546 0.524 0.55467 0.55467 0.638 0.74333 0.74333 0.90133 0.90133 1.0593 1.1647 1.1647 1.2173 1.27 1.27 -9999 -9999 -9999 -9999 -9999 -9999 -9999 -9999 -9999 -9999 -9999 -9999 -9999 -9999 -9999 -9999 -9999 -9999 -9999 -9999 -9999 -9999 -9999 -9999 -9999 -9999 -9999 -9999
0.788 0.788 0.78067 0.77333 0.77333 0.766 0.766 0.766 0.77333 0.77333 0.77333 0.766 0.766 0.73667 0.70733 0.70733 0.69267 0.69267 0.678 0.67067 0.67067 0.68533 0.7 0.7 0.7 0.7 0.7 0.7 0.7 0.656 0.612 0.612 0.568 0.524 0.524 0.53267 0.53267 0.638 0.796 0.796 0.954 1.112 1.112 -9999 -9999 -9999 -9999 -9999 -9999 -9999 -9999 -9999 -9999 -9999 -9999 -9999 -9999 -9999 -9999 -9999 -9999 -9999 -9999 -9999 -9999 -9999 -9999 -9999 -9999 -9999 -9999 -9999 -9999 -9999 -9999 -9999 -9999 -9999 -9999
0.81 0.81 0.80267 0.78067 0.78067 0.75867 0.73667 0.73667 0.71467 0.71467 0.68533 0.656 0.656 0.612 0.568 0.568 0.53867 0.53867 0.53867 0.55333 0.55333 0.58267 0.612 0.612 0.62667 0.612 0.612 0.59733 0.59733 0.568 0.53867 0.53867 0.562 0.65267 0.65267 0.796 0.796 0.954 1.112 1.112 -9999 -9999 -9999 -9999 -9999 -9999 -9999 -9999 -9999 -9999 -9999 -9999 -9999 -9999 -9999 -9999 -9999 -9999 -9999 -9999 -9999 -9999 -9999 -9999 -9999 -9999 -9999 -9999 -9999 -9999 -9999 -9999 -9999 -9999 -9999 -9999 -9999 -9999 -9999
0.81 0.81 0.80267 0.78067 0.78067 0.75867 0.722 0.722 0.68533 0.68533 0.64133 0.59733 0.59733 0.55333 0.524 0.524 0.49467 0.49467 0.49467 0.50933 0.50933 0.524 0.53867 0.53867 0.55333 0.53867 0.53867 0.524 0.524 0.50933 0.49467 0.49467 0.58533 0.74333 0.74333 0.90133 0.90133 1.0593 -9999 -9999 -9999 -9999 -9999 -9999 -9999 -9999 -9999 -9999 -9999 -9999 -9999 -9999 -9999 -9999 -9999 -9999 -9999 -9999 -9999 -9999 -9999 -9999 -9999 -9999 -9999 -9999 -9999 -9999 -9999 -9999 -9999 -9999 -9999 -9999 -9999 -9999 -9999 -9999 -9999
0.59 0.59 0.59 0.58267 0.58267 0.57533 0.55333 0.55333 0.53133 0.53133 0.50933 0.49467 0.49467 0.48 0.48 0.48 0.48 0.48 0.48 0.48 0.48 0.48 0.48 0.48 0.48 0.48 0.48 0.48 0.48 0.48 0.48 0.48 0.638 0.796 0.796 0.954 1.112 1.112 -9999 -9999 -9999 -9999 -9999 -9999 -9999 -9999 -9999 -9999 -9999 -9999 -9999 -9999 -9999 -9999 -9999 -9999 -9999 -9999 -9999 -9999 -9999 -9999 -9999 -9999 -9999 -9999 -9999 -9999 -9999 -9999 -9999 -9999 -9999 -9999 -9999 -9999 -9999 -9999 -9999
0.48 0.48 0.48 0.48 0.48 0.48 0.48 0.48 0.48 0.48 0.48 0.49467 0.49467 0.50933 0.524 0.524 0.53867 0.53867 0.53867 0.524 0.524 0.50933 0.49467 0.49467 0.48 0.48 0.48 0.48 0.48 0.48 0.48 0.48 0.638 0.796 0.796 0.954 -9999 -9999 -9999 -9999 -9999 -9999 -9999 -9999 -9999 -9999 -9999 -9999 -9999 -9999 -9999 -9999 -9999 -9999 -9999 -9999 -9999 -9999 -9999 -9999 -9999 -9999 -9999 -9999 -9999 -9999 -9999 -9999 -9999 -9999 -9999 -9999 -9999 -9999 -9999 -9999 -9999 -9999 -9999
0.48 0.48 0.48 0.48 0.48 0.48 0.48 0.48 0.48 0.48 0.49467 0.524 0.524 0.55333 0.58267 0.58267 0.612 0.612 0.612 0.59733 0.59733 0.58267 0.568 0.568 0.55333 0.53867 0.53867 0.524 0.50933 0.50933 0.54733 0.54733 0.69067 0.84867 0.84867 1.0067 1.1647 1.1647 -9999 -9999 -9999 -9999 -9999 -9999 -9999 -9999 -9999 -9999 -9999 -9999 -9999 -9999 -9999 -9999 -9999 -9999 -9999 -9999 -9999 -9999 -9999 -9999 -9999 -9999 -9999 -9999 -9999 -9999 -9999 -9999 -9999 -9999 -9999 -9999 -9999 -9999 -9999 -9999 -9999
0.48 0.48 0.48 0.48 0.48 0.49467 0.50933 0.50933 0.53867 0.58267 0.58267 0.62667 0.62667 0.656 0.684 0.684 0.696 0.69333 0.69333 0.692 0.692 0.69067 0.692 0.692 0.69467 0.668 0.668 0.62533 0.63533 0.63533 0.74933 0.74933 0.86333 1.0067 1.0067 -9999 -9999 -9999 -9999 -9999 -9999 -9999 -9999 -9999 -9999 -9999 -9999 -9999 -9999 -9999 -9999 -9999 -9999 -9999 -9999 -9999 -9999 -9999 -9999 -9999 -9999 -9999 -9999 -9999 -9999 -9999 -9999 -9999 -9999 -9999 -9999 -9999 -9999 -9999 -9999 -9999 -9999 -9999 -9999
0.568 0.568 0.596 0.60933 0.60933 0.636 0.648 0.648 0.66 0.67333 0.67333 0.68667 0.664 0.67867 0.692 0.692 0.68933 0.68667 0.68667 0.68667 0.68667 0.68667 0.68933 0.68933 0.69333 0.668 0.668 0.62533 0.63533 0.63533 0.74933 0.74933 0.86333 1.0067 1.0067 -9999 -9999 -9999 -9999 -9999 -9999 -9999 -9999 -9999 -9999 -9999 -9999 -9999 -9999 -9999 -9999 -9999 -9999 -9999 -9999 -9999 -9999 -9999 -9999 -9999 -9999 -9999 -9999 -9999 -9999 -9999 -9999 -9999 -9999 -9999 -9999 -9999 -9999 -9999 -9999 -9999 -9999 -9999 -9999
0.64133 0.66933 0.66933 0.68267 0.68267 0.69333 0.68933 0.68933 0.68533 0.68267 0.68267 0.68 0.68 0.68 0.68 0.68 0.68133 0.684 0.684 0.688 0.692 0.692 0.696 0.696 0.69867 0.68533 0.68533 0.74667 0.808 0.808 0.922 0.922 1.036 -9999 -9999 -9999 -9999 -9999 -9999 -9999 -9999 -9999 -9999 -9999 -9999 -9999 -9999 -9999 -9999 -9999 -9999 -9999 -9999 -9999 -9999 -9999 -9999 -9999 -9999 -9999 -9999 -9999 -9999 -9999 -9999 -9999 -9999 -9999 -9999 -9999 -9999 -9999 -9999 -9999 -9999 -9999 -9999 -9999 -9999
0.7 0.7 0.7 0.7 0.7 0.69867 0.69733 0.69733 0.696 0.69333 0.69333 0.69067 0.69067 0.69067 0.69067 0.69067 0.692 0.69467 0.69467 0.69733 0.69867 0.69867 0.7 0.7 0.738 0.814 0.814 0.928 1.042 1.042 -9999 -9999 -9999 -9999 -9999 -9999 -9999 -9999 -9999 -9999 -9999 -9999 -9999 -9999 -9999 -9999 -9999 -9999 -9999 -9999 -9999 -9999 -9999 -9999 -9999 -9999 -9999 -9999 -9999 -9999 -9999 -9999 -9999 -9999 -9999 -9999 -9999 -9999 -9999 -9999 -9999 -9999 -9999 -9999 -9999 -9999 -9999 -9999 -9999
0.7 0.7 0.7 0.7 0.7 0.7 0.7 0.7 0.7 0.69867 0.69867 0.69733 0.69733 0.69733 0.69733 0.69733 0.69733 0.69867 0.69867 0.7 0.7 0.7 0.7 0.7 0.776 0.89 0.89 1.004 1.118 1.118 -9999 -9999 -9999 -9999 -9999 -9999 -9999 -9999 -9999 -9999 -9999 -9999 -9999 -9999 -9999 -9999 -9999 -9999 -9999 -9999 -9999 -9999 -9999 -9999 -9999 -9999 -9999 -9999 -9999 -9999 -9999 -9999 -9999 -9999 -9999 -9999 -9999 -9999 -9999 -9999 -9999 -9999 -9999 -9999 -9999 -9999 -9999 -9999 -9999
0.7 0.7 0.7 0.7 0.7 0.7 0.7 0.7 0.7 0.7 0.7 0.7 0.7 0.7 0.7 0.7 0.7 0.7 0.7 0.7 0.7 0.7 0.738 0.738 0.852 0.966 0.966 1.08 -9999 -9999 -9999 -9999 -9999 -9999 -9999 -9999 -9999 -9999 -9999 -9999 -9999 -9999 -9999 -9999 -9999 -9999 -9999 -9999 -9999 -9999 -9999 -9999 -9999 -9999 -9999 -9999 -9999 -9999 -9999 -9999 -9999 -9999 -9999 -9999 -9999 -9999 -9999 -9999 -9999 -9999 -9999 -9999 -9999 -9999 -9999 -9999 -9999 -9999 -9999
0.69467 0.69733 0.69733 0.69867 0.69867 0.7 0.7 0.7 0.7 0.7 0.7 0.7 0.7 0.7 0.7 0.7 0.7 0.7 0.7 0.7 0.7 0.7 0.738 0.738 0.852 0.966 0.966 1.08 -9999 -9999 -9999 -9999 -9999 -9999 -9999 -9999 -9999 -9999 -9999 -9999 -9999 -9999 -9999 -9999 -9999 -9999 -9999 -9999 -9999 -9999 -9999 -9999 -9999 -9999 -9999 -9999 -9999 -9999 -9999 -9999 -9999 -9999 -9999 -9999 -9999 -9999 -9999 -9999 -9999 -9999 -9999 -9999 -9999 -9999 -9999 -9999 -9999 -9999 -9999
0.688 0.692 0.692 0.69467 0.69733 0.69733 0.69867 0.69867 0.7 0.7 0.7 0.7 0.7 0.7 0.7 0.7 0.7 0.7 0.7 0.7 0.7 0.7 0.7 0.814 0.814 0.928 0.928 1.042 1.156 1.156 -9999 -9999 -9999 -9999 -9999 -9999 -9999 -9999 -9999 -9999 -9999 -9999 -9999 -9999 -9999 -9999 -9999 -9999 -9999 -9999 -9999 -9999 -9999 -9999 -9999 -9999 -9999 -9999 -9999 -9999 -9999 -9999 -9999 -9999 -9999 -9999 -9999 -9999 -9999 -9999 -9999 -9999 -9999 -9999 -9999 -9999 -9999 -9999 -9999
0.68 0.68133 0.68133 0.68267 0.684 0.684 0.68533 0.68533 0.68667 0.68667 0.68667 0.68667 0.68667 0.68667 0.688 0.688 0.69067 0.69333 0.69333 0.696 0.69867 0.69867 0.7 0.776 0.776 0.89 0.89 1.004 1.118 1.118 -9999 -9999 -9999 -9999 -9999 -9999 -9999 -9999 -9999 -9999 -9999 -9999 -9999 -9999 -9999 -9999 -9999 -9999 -9999 -9999 -9999 -9999 -9999 -9999 -9999 -9999 -9999 -9999 -9999 -9999 -9999 -9999 -9999 -9999 -9999 -9999 -9999 -9999 -9999 -9999 -9999 -9999 -9999 -9999 -9999 -9999 -9999 -9999 -9999
0.688 0.68533 0.68533 0.68267 0.68133 0.68133 0.68 0.68 0.68 0.68 0.68 0.68 0.68 0.68 0.68133 0.684 0.684 0.688 0.688 0.692 0.696 0.696 0.69867 0.738 0.738 0.852 0.852 0.966 1.08 1.08 -9999 -9999 -9999 -9999 -9999 -9999 -9999 -9999 -9999 -9999 -9999 -9999 -9999 -9999 -9999 -9999 -9999 -9999 -9999 -9999 -9999 -9999 -9999 -9999 -9999 -9999 -9999 -9999 -9999 -9999 -9999 -9999 -9999 -9999 -9999 -9999 -9999 -9999 -9999 -9999 -9999 -9999 -9999 -9999 -9999 -9999 -9999 -9999 -9999
0.69333 0.68933 0.68933 0.68533 0.68267 0.68267 0.68 0.68 0.68 0.68 0.68 0.68 0.68 0.68 0.68 0.68 0.68 0.68267 0.68267 0.68667 0.69067 0.69067 0.69467 0.69867 0.69867 0.814 0.814 0.928 1.042 1.042 1.156 -9999 -9999 -9999 -9999 -9999 -9999 -9999 -9999 -9999 -9999 -9999 -9999 -9999 -9999 -9999 -9999 -9999 -9999 -9999 -9999 -9999 -9999 -9999 -9999 -9999 -9999 -9999 -9999 -9999 -9999 -9999 -9999 -9999 -9999 -9999 -9999 -9999 -9999 -9999 -9999 -9999 -9999 -9999 -9999 -9999 -9999 -9999 -9999
0.692 0.688 0.688 0.684 0.68133 0.68133 0.68 0.68 0.68 0.68 0.68 0.68 0.68 0.68 0.68 0.68 0.68 0.68 0.68 0.684 0.688 0.688 0.692 0.696 0.696 0.738 0.738 0.852 0.966 0.966 1.08 1.194 1.194 -9999 -9999 -9999 -9999 -9999 -9999 -9999 -9999 -9999 -9999 -9999 -9999 -9999 -9999 -9999 -9999 -9999 -9999 -9999 -9999 -9999 -9999 -9999 -9999 -9999 -9999 -9999 -9999 -9999 -9999 -9999 -9999 -9999 -9999 -9999 -9999 -9999 -9999 -9999 -9999 -9999 -9999 -9999 -9999 -9999 -9999
0.68667 0.684 0.684 0.68133 0.68 0.68 0.68 0.68 0.68 0.68 0.68 0.68 0.68 0.68 0.68 0.68 0.68 0.68 0.68 0.684 0.688 0.688 0.692 0.696 0.696 0.7 0.814 0.814 0.928 0.928 1.042 1.156 1.156 -9999 -9999 -9999 -9999 -9999 -9999 -9999 -9999 -9999 -9999 -9999 -9999 -9999 -9999 -9999 -9999 -9999 -9999 -9999 -9999 -9999 -9999 -9999 -9999 -9999 -9999 -9999 -9999 -9999 -9999 -9999 -9999 -9999 -9999 -9999 -9999 -9999 -9999 -9999 -9999 -9999 -9999 -9999 -9999 -9999 -9999
