data/Petrone_etal_2016/Digital_Elevation_Model/dem_catbl_wgs84.asc
ncols         865
nrows         297
xllcorner     -50.201966770779
yllcorner     67.120544222588
cellsize      7.2999999999998e-005
NODATA_value  -9999
[rows 28 to 55 of 297, columns 378 to 440 of 865]
360.5739 360.7024 360.717 360.7943 360.9042 361.063 361.1935 361.3007 361.4424 361.582 361.7174 361.9074 362.0406 361.9322 361.9246 361.9684 361.9937 361.9292 361.7687 361.6597 361.5528 361.4337 361.5121 361.6603 361.7987 361.8349 361.7979 361.7039 361.6389 361.6131 361.8552 362.1131 362.2804 362.4276 362.5603 362.6704 362.706 362.6736 362.7487 362.8201 362.8776 362.9905 363.1745 363.5847 364.4581 365.5984 366.4094 367.2068 367.9956 368.2303 368.4601 368.8418 369.2812 369.735 370.1622 370.5274 370.8479 371.2732 371.7373 372.2484 373.3291 374.524 375.6838
360.2958 360.3728 360.4069 360.4488 360.476 360.4376 360.4998 360.6354 360.6528 360.7113 360.8282 360.8668 360.8835 360.8788 360.961 361.0833 361.1793 361.1219 360.9214 360.826 360.75 360.6998 360.7708 360.9006 361.1174 361.1916 361.1755 361.0933 361.058 361.0786 361.1443 361.3077 361.689 362.0291 362.3387 362.5427 362.6302 362.6221 362.8246 362.9514 362.9542 363.0156 363.0935 363.1852 363.7311 364.5106 365.1643 365.851 366.5727 366.6758 366.8458 367.264 367.8224 368.3801 368.7119 369.099 369.5225 369.9971 370.5774 371.2975 372.7257 374.1534 375.2819
360.3314 360.2863 360.293 360.2535 360.2038 360.1644 360.209 360.3008 360.2632 360.2595 360.2954 360.2414 360.1986 360.2177 360.1805 360.1345 360.1716 360.1555 360.0938 360.1045 360.1422 360.2168 360.2405 360.279 360.408 360.5647 360.7206 360.7264 360.7708 360.856 361.2131 361.5805 361.9243 362.0924 362.1792 362.1522 362.1886 362.2709 362.6192 362.849 362.925 362.975 363.044 363.1719 363.3256 363.5375 364.0952 364.6834 365.2975 365.6599 366.0849 366.6411 366.9956 367.2708 367.438 367.7113 368.0572 368.6101 369.4507 370.6038 372.0929 373.4012 374.2237
359.7574 359.6996 359.6873 359.764 359.8176 359.7317 359.7271 359.7619 359.6943 359.6534 359.6424 359.6423 359.6717 359.7534 359.7442 359.7003 359.6379 359.6037 359.5907 359.5766 359.5739 359.5852 359.5565 359.5656 359.7017 359.7888 359.8497 359.8852 359.9223 359.9598 360.076 360.1845 360.2723 360.3503 360.4052 360.378 360.5416 360.8347 361.2984 361.792 362.3165 362.6615 362.9171 363.0393 363.0762 363.1229 363.4187 364.0018 364.8121 365.2234 365.6608 366.1453 366.4268 366.7025 367.0911 367.3295 367.515 367.9567 368.5539 369.3076 370.8883 372.2969 373.2149
359.6015 359.4858 359.2215 359.6199 359.9564 359.7567 359.2145 358.5822 358.5811 358.5895 358.5987 358.712 358.8633 359.0589 359.1963 359.3937 359.9095 359.6443 358.8845 357.9814 357.6015 357.8357 358.1089 358.2587 358.1085 358.4803 359.0122 359.2815 359.3782 359.3483 359.2915 359.3264 359.4725 359.4992 359.5123 359.5596 359.5872 359.5964 359.5638 359.5852 359.6629 360.2927 361.1126 362.174 362.7014 362.9922 362.9847 363.221 363.6208 364.0927 364.6635 365.3595 365.5333 365.7305 366.204 366.6535 367.0933 367.561 367.925 368.2047 368.7937 369.5761 370.6528
357.8924 357.2374 356.9912 356.9666 356.9325 356.7844 356.5623 356.3333 356.2921 356.3283 356.4299 356.2325 356.0716 355.9865 356.1102 356.3569 356.8402 357.2447 357.5049 356.6014 355.9656 355.6127 355.8841 356.3423 357.047 357.7895 358.4258 358.4969 358.0851 357.3421 356.5713 356.3503 356.8567 356.9577 356.9831 356.9961 357.3174 357.8063 358.5471 359.0964 359.4819 359.5309 359.7617 360.3309 361.0294 361.6145 361.6667 361.7954 361.9645 362.1303 362.3792 362.7155 363.1979 363.6157 363.871 364.6667 365.5723 366.0052 366.4493 366.908 367.1864 367.7615 368.7566
358.3993 358.1732 357.7462 357.4955 357.3381 357.3265 357.4086 357.554 357.8499 358.1496 358.441 357.8743 357.1588 356.244 355.6168 355.2788 355.5943 356.8297 358.3 358.3572 357.6668 356.3206 355.8969 356.1014 357.2965 358.0278 358.3708 357.7054 357.0274 356.3579 356.0948 356.2097 356.7795 357.491 358.106 358.4469 357.8227 356.8448 355.9413 355.7903 356.2042 358.1694 359.3902 359.4915 359.878 360.2515 360.3797 360.3217 360.1882 360.2891 360.4049 360.5354 360.8069 361.1685 361.6816 362.7439 363.8574 364.4468 364.7739 364.9352 365.0888 365.4156 365.9574
359.884 359.5856 359.2471 358.8759 358.5828 358.4372 358.2827 358.2115 358.4692 358.9044 359.4057 359.0612 358.4852 357.6505 357.3708 357.1678 356.9872 357.1862 357.5354 357.8558 357.3128 356.0789 355.8444 356.0624 356.9337 357.2961 357.3684 356.8722 356.5436 356.3586 356.8831 357.0356 356.8234 355.6325 355.1281 356.0547 357.1829 358.081 357.764 357.7865 358.0378 357.9593 357.9146 357.885 358.7686 359.5047 359.5362 359.7556 360.018 360.0347 360.1275 360.2829 360.6832 360.8408 360.6013 361.0971 361.7267 362.1882 362.2401 362.0621 361.8655 361.6939 361.5535
359.5612 359.2643 359.1032 358.9197 358.7179 358.4886 358.3228 358.2808 358.5991 359.2238 359.9317 359.7173 359.0532 357.93 357.9171 358.317 359.3109 359.3041 358.8137 357.5536 356.624 355.9326 356.363 357.0845 358.184 358.5976 358.648 358.0609 357.7905 357.6725 357.6824 357.6285 357.5233 356.8939 356.5153 356.5983 357.1508 357.7617 358.1325 358.5232 358.8773 358.5875 358.2656 357.9104 358.3535 358.7977 359.0309 359.2288 359.3887 359.44 359.4302 359.3752 359.1295 359.1143 359.3864 359.5318 359.6202 359.6389 359.5717 359.4738 359.5114 359.4995 359.4437
358.8521 358.7277 359.0272 358.6549 358.1921 357.6054 357.3353 357.299 357.7415 358.4167 359.0968 358.9916 358.7168 358.2902 358.7673 359.3854 360.176 360.1184 359.7422 359.0246 358.6595 358.5264 358.8926 359.1931 359.4176 359.1017 358.6291 357.9593 357.3844 357.0309 357.6679 358.0601 358.2625 357.5296 356.6677 355.6181 355.4777 355.518 355.4759 355.7183 356.0734 356.216 356.4234 356.7044 357.8315 358.7711 359.2443 359.2163 359.0104 358.6702 358.1771 357.5821 356.9092 356.4022 356.0979 356.4366 357.0001 357.879 358.905 359.8971 360.3786 360.3178 359.8228
358.696 358.6288 358.6866 358.071 357.4057 356.679 356.6483 356.7002 356.7508 357.3125 358.0782 358.8744 359.4428 359.8345 360.3707 360.5785 360.3063 360.0906 359.9609 360.0543 359.9409 359.6974 359.109 358.5036 357.8806 358.1289 358.652 359.5622 359.3333 358.8141 358.5783 358.5681 358.6751 357.644 357.0859 357.1111 356.6131 355.9941 355.3126 356.0106 357.2328 358.1548 358.3065 357.8242 358.2413 358.6545 358.9932 358.5117 357.9132 357.5801 357.3122 357.0745 356.8153 356.6371 356.5502 357.0847 357.8948 359.1422 360.2418 361.1593 361.3787 360.9417 360.0391
358.486 358.0987 357.6075 357.2504 357.0435 356.9856 357.6985 358.3209 358.6386 358.7176 358.8008 359.2164 359.518 359.7485 360.1985 359.9879 358.941 358.1868 357.8803 358.5912 358.815 358.7281 357.9239 357.2619 356.7212 356.8288 357.3134 358.3712 358.7267 358.7108 358.0076 357.0731 356.0115 354.9187 354.4575 354.6915 354.8211 355.0052 355.3226 356.433 357.8251 359.2198 359.8524 359.9323 359.6342 359.5104 359.6342 359.5775 359.4132 359.0441 358.7759 358.567 358.4794 358.3923 358.3063 358.2358 358.463 359.2351 359.7179 359.9936 359.7498 359.5657 359.4206
359.0122 359.005 358.9451 358.7386 358.6241 358.5904 358.6038 358.6395 358.7066 358.689 358.6484 358.6129 358.5423 358.4673 358.625 358.7008 358.6807 358.2244 357.9638 358.275 358.3202 358.2318 357.9333 357.448 356.8261 356.8058 356.7911 356.7763 356.6976 356.705 356.9816 357.2539 357.4618 356.9795 356.6611 356.5073 356.1174 355.8481 355.8416 356.5258 357.4409 358.4507 358.6618 358.3838 358.9016 359.2438 359.3804 359.4285 359.4568 359.4676 359.4735 359.4742 359.4518 359.4529 359.4719 359.4954 359.5164 359.5329 359.3185 359.2447 359.7845 359.8701 359.7146
359.4855 359.6505 359.6815 359.2774 359.1014 359.0966 359.2984 359.3623 359.2295 359.3124 359.4223 359.4812 359.1727 358.7541 359.042 359.3047 359.5449 359.4351 359.2642 359.0231 358.7398 358.5315 358.6966 358.7191 358.6378 358.3717 358.2668 358.3561 357.8185 357.4679 357.8116 357.8276 357.7158 357.6791 358.0597 358.767 358.6638 358.5291 358.3813 358.4809 358.6425 358.8109 358.915 358.9739 358.8445 358.7245 358.6212 358.8687 359.1649 359.4923 359.6281 359.6814 359.6424 359.7223 359.8905 360.5148 361.1026 361.6592 361.7193 361.7586 361.9817 361.7129 361.313
359.5531 359.6112 359.7012 359.6567 359.6118 359.5667 359.6316 359.7021 359.7773 359.8019 359.8684 360.0574 360.0469 359.9635 360.0144 360.2058 360.5159 360.2144 359.9178 359.6729 359.6553 359.6686 359.5885 359.5343 359.501 359.5078 359.5257 359.5547 359.4068 359.2201 359.0041 359.0092 359.081 359.0241 359.0602 359.1577 359.0245 358.9552 358.9724 359.2334 359.594 360.0999 360.2619 360.2474 360.1445 360.1702 360.3117 360.4242 360.6353 361.024 361.0781 361.0249 360.9306 361.0989 361.4232 361.7045 362.249 363.11 363.1157 363.1432 363.5203 363.466 363.4066
358.5289 358.6789 358.8314 358.8256 358.8651 358.934 358.9946 359.0493 359.0947 359.3064 359.4741 359.508 359.6538 359.7951 359.6703 359.5648 359.4754 359.6342 359.7817 359.9143 359.7383 359.5415 359.4658 359.4488 359.4531 359.3713 359.3724 359.4531 359.7971 360.0107 359.9594 359.6926 359.3402 358.9098 359.0449 359.5186 359.7523 359.9533 360.1203 360.509 360.8401 360.9715 361.1228 361.2968 361.5556 361.8117 362.0699 362.1999 362.0829 361.6045 361.5435 361.5998 361.7295 362.184 362.7742 362.9692 363.1306 363.2573 363.5876 364.0901 364.8749 365.3734 365.754
358.6186 358.689 358.7641 358.7408 358.6008 358.4266 358.4852 358.5011 358.4795 358.8554 359.0814 358.9794 358.8318 358.7296 358.8736 358.9065 358.8753 359.0639 359.1353 359.0659 359.1983 359.3744 359.5922 359.7144 359.7627 359.5958 359.5317 359.5488 359.9046 360.2292 360.4773 360.3552 360.1668 360.0462 360.1524 360.3849 360.7236 361.0812 361.4557 361.8939 362.2985 362.6266 362.9695 363.28 363.4288 363.6357 363.8876 364.2846 364.4981 364.469 364.492 364.5854 364.8424 364.921 364.9171 364.8902 364.7153 364.4044 364.5914 364.8702 365.2587 365.7256 366.2008
358.3083 358.457 358.5959 358.6021 358.5869 358.5985 358.8671 359.0349 359.114 359.0597 359.1281 359.3895 359.4211 359.4216 359.5117 359.737 360.0349 360.2764 360.5555 360.8723 361.0606 361.344 361.8618 362.3745 362.8036 362.8251 362.7799 362.6953 362.8359 363.0832 363.4702 363.9962 364.365 364.2221 363.9706 363.7281 363.9378 364.1979 364.4953 364.7871 364.992 365.06 365.4348 365.8539 366.1257 366.1548 366.0596 366.4192 366.8151 367.2528 367.5934 367.8177 367.8042 367.8291 367.8687 367.8919 367.8935 367.879 367.7637 367.5906 367.3621 367.0808 367.0114
358.493 358.4624 358.5066 358.6988 358.9183 359.0741 358.8517 359.0019 359.4313 359.9092 360.339 360.7033 360.8039 360.9192 361.2393 361.7832 362.4107 362.9019 363.3033 363.6263 364.2477 364.7366 364.9635 365.2949 365.6662 366.067 366.3964 366.6712 366.8624 366.9079 366.7928 367.2625 367.8479 368.5124 368.8239 368.9407 368.7589 368.5482 368.3255 368.5331 368.5743 368.3395 368.2768 368.3917 368.9204 369.1299 369.1892 369.4299 369.6933 369.9794 370.1387 370.3015 370.4873 370.6684 370.8529 371.0799 371.2051 371.2647 371.4667 371.4819 371.2422 370.8667 370.4989
358.6501 358.7131 358.8284 359.0508 359.4714 359.9093 360.1775 360.4233 360.6658 361.2713 361.8622 362.4344 363.1493 363.7389 363.9854 364.4458 365.024 365.7351 366.2129 366.5006 366.5001 366.7636 367.4485 368.2339 368.8621 368.9035 369.0849 369.3492 369.7609 370.131 370.4569 370.5352 370.6649 370.9522 371.2429 371.5517 371.9307 372.1877 372.3585 372.1203 371.949 371.8615 371.9114 372.0135 372.1794 372.5747 373.0271 373.2224 373.2451 373.1213 373.1023 373.2508 373.6733 373.8596 373.8977 373.6111 373.3911 373.2131 373.0469 372.7975 372.4521 372.0858 371.8452
358.8588 359.0692 359.3558 359.7439 360.217 360.7248 361.2857 361.8153 362.3211 362.7209 363.0444 363.2895 363.9129 364.6814 365.6709 366.4856 367.2191 367.8683 368.5072 369.1385 369.4496 369.8204 370.2784 370.928 371.4164 371.3611 371.4677 371.7052 372.3443 372.6409 372.6277 372.9312 373.2206 373.4521 373.7829 374.1223 374.4015 374.7918 375.2289 375.1638 374.924 374.4859 374.7722 375.087 375.2523 375.5379 375.9193 376.5563 376.7255 376.5406 376.3102 376.016 375.6338 375.2781 374.9631 374.7427 374.6158 374.5154 374.2419 373.9316 373.5869 373.5122 373.447
359.8149 360.2321 360.5447 360.7169 360.8026 361.0184 361.631 362.0298 362.3346 362.67 363.1311 363.7013 364.3716 365.153 366.1182 367.0746 367.9995 368.8032 369.5432 370.2369 370.793 371.2942 371.7298 372.2299 372.7152 373.1404 373.4509 373.7132 374.0006 374.2069 374.3459 374.6219 374.9584 375.3808 375.6749 375.977 376.3741 376.6096 376.7746 377.0858 377.3129 377.4535 377.6893 377.912 378.0958 378.42 378.7514 378.9503 378.9384 378.7847 378.5558 378.2786 377.9397 377.6528 377.3677 377.0674 376.7592 376.4271 375.9286 375.5031 375.1361 375.207 375.1964
360.2813 360.683 361.1158 361.5819 361.8424 362.0787 362.3262 362.5719 362.8376 363.2202 363.675 364.1891 364.8398 365.5566 366.3683 367.346 368.3341 369.2214 369.9524 370.611 371.3784 372.0989 372.766 373.3675 373.8073 373.9391 374.386 374.9358 375.486 375.8781 376.1642 376.5257 376.9286 377.3857 377.5966 377.7946 378.0692 378.5595 379.1273 379.5534 379.8326 379.9916 380.0445 380.0662 380.0453 380.7039 381.3005 381.0479 380.8167 380.5977 380.3369 379.996 379.5663 379.3323 379.1744 379.1313 378.9552 378.7158 378.4046 378.1091 377.8245 377.3828 376.7663
360.5388 360.6704 360.9315 361.3255 361.9236 362.4497 362.7787 362.9931 363.227 363.7724 364.2604 364.7071 365.3478 366.1793 367.2572 368.2406 369.1425 369.8666 370.5673 371.2424 371.7754 372.397 373.1042 373.7653 374.3764 374.9025 375.7005 376.525 377.1663 377.4066 377.428 377.9004 378.4056 378.9402 379.3523 379.7507 380.1564 380.8599 381.6251 382.139 382.644 383.1336 383.168 382.7918 381.8432 382.3978 382.9876 382.7689 382.5026 382.2152 381.9597 381.7086 381.4596 381.2409 381.0116 380.7621 380.5797 380.4606 380.5164 380.5482 380.5476 380.0387 379.1102
360.9 360.8239 361.0069 361.4243 362.0526 362.6985 363.3576 364.2339 365.1085 365.7598 366.2205 366.5892 367.3358 368.0836 368.8458 369.7244 370.597 371.4203 371.9837 372.4679 373.0577 373.4796 373.7713 374.461 375.2413 376.1455 376.9514 377.6567 378.1219 378.7065 379.3134 379.5495 379.8917 380.3474 380.8808 381.3484 381.6778 382.3851 383.2108 384.0399 384.534 384.8131 384.5872 384.2133 383.6637 383.6524 383.6688 383.5461 383.8232 384.1508 383.7675 383.3364 382.8663 382.714 382.4634 382.037 381.6529 381.3217 381.1393 381.0829 381.0701 380.5956 379.7315
360.9059 361.1793 361.5421 361.978 362.7046 363.4625 364.2589 365.1574 366.0417 366.8105 367.4252 367.9904 368.8881 369.7613 370.6079 371.1299 371.68 372.3519 372.8477 373.3913 374.4281 375.2338 375.8588 375.7688 376.1873 377.2646 378.313 379.228 379.8149 380.3094 380.774 381.3044 381.737 382.0871 382.434 382.8304 383.2982 383.7439 384.1912 384.6629 384.9562 385.1054 384.667 384.3165 384.0667 385.1072 385.8259 385.5093 385.3475 385.2057 384.8575 384.3862 383.8316 383.5635 383.2224 382.7795 382.4126 382.0397 381.5999 381.0439 380.4229 379.6888 378.9184
361.1848 361.868 362.5243 363.161 363.9185 364.7327 365.6216 366.3547 367.1071 367.9799 368.7787 369.4942 369.8201 370.2976 370.9133 372.0693 373.1145 373.9307 375.2284 376.4318 376.8677 377.3299 377.8217 378.4504 378.9852 379.4286 380.1224 380.7626 381.2095 381.6971 382.1718 382.507 382.8785 383.2733 383.5508 383.9567 384.5511 384.8808 385.2869 386.0616 386.0045 385.6006 385.5699 385.4976 385.3849 385.2431 385.1075 384.9814 385.0127 385.1331 385.457 385.2908 384.8212 384.5166 384.1709 383.7746 383.1365 382.5355 382.1021 381.4252 380.6351 379.7472 378.8595
361.8193 362.6797 363.615 364.5743 365.1394 365.8137 366.6104 367.3203 367.9504 368.4334 368.8803 369.3586 370.067 370.8629 371.7195 372.8607 374.0582 375.3202 376.2076 377.156 378.5284 379.5209 380.2703 380.6384 381.0708 381.5612 381.7133 381.9231 382.2885 382.757 383.2266 383.5705 383.8035 383.9661 384.3301 384.8014 385.4007 385.8676 386.3825 387.0752 386.9036 386.4239 386.2921 386.3527 386.5726 386.7847 386.8385 386.6584 386.4067 386.1402 385.859 385.4201 384.9052 384.5567 384.2394 383.953 383.627 383.1509 382.3751 381.532 380.6698 379.8047 378.958
