data/Petrone_etal_2016/Digital_Elevation_Model/dem_catbl_wgs84.asc
ncols         865
nrows         297
xllcorner     -50.201966770779
yllcorner     67.120544222588
cellsize      7.2999999999998e-005
NODATA_value  -9999
[rows 112 to 139 of 297, columns 126 to 188 of 865]
349.5755 349.776 349.8875 350.2464 350.908 351.7875 351.7456 351.3513 350.4845 349.9918 349.7213 349.8481 349.9257 350.0681 350.9698 351.4251 351.468 350.7443 350.3306 350.5179 351.4145 352.4372 353.2029 353.7633 354.1905 354.166 353.8524 353.2098 353.0726 353.2961 354.2074 354.8087 355.2396 355.4389 355.4995 355.4498 355.3031 355.0457 354.6304 354.8304 355.2082 355.702 355.778 355.6421 355.4969 355.3179 355.1154 355.395 355.7347 356.1071 356.1544 356.1258 356.192 356.5089 356.9835 357.2724 357.5348 357.7594 357.6107 357.4652 357.4733 357.6183 357.7689
349.633 349.7538 350.0344 350.9751 352.1049 353.3267 353.5204 353.1912 352.2244 351.1759 350.3443 350.065 350.1336 350.4758 351.6617 352.6588 353.4981 353.223 352.9717 352.7822 352.9196 353.3625 354.5063 354.1943 353.1992 353.4162 353.7849 354.2911 354.3977 354.5597 354.9015 355.1147 355.3166 355.6767 355.8722 355.9596 356.0452 355.9809 355.727 355.3642 355.1378 355.3049 355.6835 356.1361 356.5204 356.9036 357.2762 357.1593 357.0535 356.9996 357.0794 357.1473 357.0703 357.1006 357.2078 357.5472 357.7737 357.8874 358.0665 358.2661 358.4943 358.741 358.9124
350.9924 351.8198 352.5066 352.7412 352.9487 353.1374 353.2255 353.0861 352.7053 352.1968 351.65 351.0667 351.3692 352.0317 353.0558 353.7282 354.1646 354.1099 354.2794 354.7592 354.4677 354.1252 354.037 354.3853 354.8493 354.709 355.1111 355.9981 356.1278 356.0648 355.7475 355.7308 355.9002 356.4438 356.5898 356.5143 356.563 356.6169 356.6731 356.8021 356.9768 357.2319 357.3495 357.4513 357.7068 357.8227 357.8324 357.7186 357.7203 357.88 357.8834 357.8638 357.8704 357.9766 358.1329 358.3836 358.6475 358.9287 359.0017 359.0799 359.1956 359.1877 359.1174
350.0948 351.2119 352.0005 351.8732 351.7577 351.7234 352.38 353.0223 353.6501 353.5544 353.2434 352.6331 352.6118 352.9492 354.0345 354.4411 354.4465 354.5893 354.7332 354.8862 354.8709 354.8999 355.0612 355.4956 356.0189 356.4385 356.8332 357.2063 357.338 357.3438 357.1605 357.0598 357.0469 357.2545 357.4744 357.6692 357.5231 357.4236 357.3673 357.451 357.5492 357.6479 357.7139 357.8007 358.041 358.2302 358.3853 358.4261 358.5662 358.8294 359.0743 359.1987 359.0416 359.3692 359.9117 360.5561 360.8578 360.8804 360.5568 360.287 360.1201 359.8218 359.5207
349.1873 349.7666 350.3298 350.8075 350.9315 350.9896 351.5385 352.3888 353.481 353.7855 353.8775 353.6832 353.9243 354.2831 354.6911 355.1751 355.6642 355.7089 355.8042 355.9599 355.9473 355.976 356.128 356.3212 356.609 357.2562 357.634 357.8366 358.0098 358.075 358.0084 358.1719 358.3626 358.5335 358.4676 358.3177 358.2604 358.1469 357.9901 357.9797 357.888 357.6614 357.7017 357.9339 358.5911 358.8322 358.8469 358.879 359.0244 359.2885 359.5223 359.7821 360.0899 360.4313 360.7948 361.2042 361.3977 361.4352 361.2976 361.1135 360.8675 360.5142 360.1339
352.8232 353.0315 353.1259 353.1056 353.3533 353.6737 353.9469 354.3785 354.925 355.1807 355.3567 355.4124 355.487 355.5804 355.719 356.0421 356.4628 357.0214 357.436 357.7219 357.9316 358.1999 358.5797 358.7791 358.8837 358.8168 358.8157 358.8439 358.7876 358.8272 358.97 359.0104 358.9901 358.8687 358.7072 358.5696 358.6512 358.8333 359.0887 359.058 359.0016 358.9195 358.674 358.5056 358.6624 359.0177 359.4235 359.433 359.5061 359.6457 359.8915 360.1602 360.459 360.9879 361.5699 362.0955 362.1816 361.9956 361.799 361.5037 361.0892 360.808 360.5309
355.2342 354.9738 354.7342 354.5687 354.799 355.2306 356.0321 356.7451 357.3713 357.2935 357.2767 357.3366 357.4947 357.7054 357.9857 358.2402 358.5127 358.9691 359.2969 359.5191 359.8358 360.2851 360.9386 361.0777 360.9785 360.4841 360.0625 359.7104 359.6909 359.5818 359.3809 359.4612 359.4525 359.2302 359.1637 359.1995 359.4666 359.6025 359.6568 359.8693 360.0869 360.3058 360.3014 360.2281 360.0784 360.0656 360.1555 360.5246 360.8245 361.0642 361.081 361.2049 361.5001 361.7896 362.146 362.7177 362.9033 362.8543 362.4552 362.0843 361.7403 361.3715 361.1186
356.2578 355.8251 355.9008 356.8002 357.4677 358.0735 358.67 359.1005 359.4462 359.7693 360.0872 360.3984 360.3718 360.3249 360.3102 360.5667 360.8947 361.1498 361.4938 361.9035 362.6181 363.2001 363.6139 363.1423 362.5797 362.1331 361.5843 361.0357 360.8058 360.6868 360.6615 360.6764 360.6984 360.7278 360.7077 360.7226 360.9082 361.1593 361.4366 361.593 361.6767 361.6908 361.9048 362.0837 362.1408 362.0771 361.9742 361.9042 361.9843 362.1714 362.4666 362.8118 363.2238 363.3318 363.376 363.3961 363.4095 363.4013 363.2165 363.0562 362.92 362.5435 362.1845
356.8074 357.541 358.4149 359.4731 360.3293 361.0083 361.2646 361.5246 361.7855 362.0493 362.4429 362.957 363.1812 363.3234 363.3509 363.4579 363.5786 363.6676 363.8356 364.0728 364.6681 365.1266 365.4276 364.8623 364.0955 363.1203 362.6845 362.4395 362.1247 361.8613 361.6425 361.6778 361.7597 361.9078 362.0258 362.1214 362.174 362.2482 362.3435 362.5273 362.7315 362.9584 363.2464 363.5111 363.7275 363.6106 363.3977 363.189 363.0014 362.8412 363.1033 363.5354 364.1658 364.4557 364.6008 364.517 364.1902 363.7962 363.5898 363.4984 363.5002 363.2369 362.8829
359.98 360.7582 361.5669 362.4077 362.7627 362.9992 363.1141 363.4614 363.9104 364.4353 364.9356 365.4185 365.6276 365.7471 365.7467 365.6237 365.532 365.6295 365.8564 366.1258 366.2006 366.1859 366.067 365.3771 364.6656 363.9867 363.4935 363.1192 363.0293 362.7981 362.4803 362.6387 362.9684 363.5126 363.5773 363.5651 363.5517 363.5272 363.5397 363.8304 364.1042 364.3623 364.4874 364.7696 365.2963 365.2416 365.0138 364.6585 364.2811 363.9193 363.87 364.1014 364.6216 364.9341 365.158 365.2436 365.3093 365.2811 364.8567 364.4758 364.124 363.7075 363.4175
362.7051 363.0698 363.369 363.605 363.7979 364.069 364.498 365.0028 365.4912 365.7852 366.0494 366.2939 366.6081 366.8313 366.9329 366.9178 366.9218 367.0227 367.3579 367.6999 367.31 366.945 366.6164 365.8088 365.0591 364.4498 364.2639 364.1724 364.0464 364.0754 364.2006 364.4314 364.7127 365.0494 365.2932 365.4437 365.419 365.3888 365.3936 365.5876 365.8459 366.1505 366.1058 366.202 366.4908 366.7272 366.7584 366.2614 366.0779 365.9867 365.4854 365.2408 365.2299 365.3967 365.5492 365.6593 365.8112 365.9378 365.9142 365.709 365.3994 365.1604 364.9152
363.9601 364.4759 364.7834 364.8999 364.926 364.9874 365.1233 365.6217 366.1633 366.4976 366.9073 367.3452 367.5045 367.6226 367.707 367.9173 368.1387 368.3614 368.1307 367.7441 367.4601 366.8446 365.9668 365.9945 365.7806 365.2112 365.0681 365.0989 365.3742 365.7267 366.1057 366.4001 366.6641 366.8993 367.1431 367.2964 367.2697 367.1696 367.1252 367.3646 367.5107 367.602 367.7528 367.9101 368.0752 368.5047 368.7939 368.667 368.4275 368.1341 367.8394 367.4718 367.0468 366.5802 366.3623 366.515 366.461 366.4749 366.8591 366.9301 366.8074 366.4149 365.961
365.0091 365.5442 366.0696 366.5817 366.4438 366.352 366.3632 366.6432 367.0347 367.5825 367.7338 367.7183 368.1467 368.431 368.5685 368.5016 368.5827 368.9809 368.5677 367.8551 366.9167 366.5593 366.5751 366.5457 366.4227 366.1789 366.0797 366.2052 366.8389 367.4507 368.0097 368.2661 368.5 368.7155 368.605 368.4723 368.3252 368.2011 368.2074 368.6562 369.1563 369.6588 369.9034 370.1121 370.285 370.4641 370.4979 370.227 370.1169 370.0231 369.7247 369.1592 368.4143 367.6615 367.2654 367.3351 367.2969 367.3251 367.5681 367.6467 367.6175 367.2504 367.0091
366.5086 366.7851 367.1634 367.6172 368.1578 368.487 368.5397 368.3719 368.2225 368.2134 368.2191 368.217 368.1069 368.1292 368.2632 368.3256 368.5071 368.8927 368.314 367.6299 367.4361 367.2923 367.181 367.1237 367.0833 367.0628 367.4399 367.9982 368.8407 369.3829 369.7727 369.8924 369.9494 369.9627 369.8203 369.773 369.8624 370.2225 370.561 370.7085 371.0555 371.4608 371.5733 371.7016 371.8419 371.9787 371.8157 371.1185 370.8116 370.5932 370.2415 369.9745 369.7565 369.3112 368.7829 368.1652 368.3684 368.5124 368.2674 368.3115 368.4594 368.5228 368.4604
369.0139 369.2138 369.3619 369.4996 370.0726 370.347 370.2803 370.2953 370.3345 370.3858 370.1734 369.9417 370.1732 370.183 370.0192 369.5167 369.2806 369.4265 369.2629 369.0031 368.6392 368.475 368.4152 368.4237 368.4442 368.4755 368.6537 369.0786 369.9354 370.693 371.3444 371.6671 371.8254 371.8716 371.7951 371.8069 371.9268 371.8123 371.7439 371.8739 372.0155 372.158 372.3109 372.4832 372.6684 372.8078 372.3753 371.0417 371.2636 371.5385 370.833 370.6924 370.7613 369.8367 369.4755 369.6574 369.9624 370.0267 369.6203 369.8866 370.2566 370.2004 370.0551
371.9007 371.8768 371.6014 371.2847 372.002 372.2194 371.9254 371.9589 372.0269 372.1189 372.1176 372.0599 371.8912 371.7756 371.6898 371.3883 371.0825 370.7844 370.5323 370.3364 370.2638 370.0704 369.834 369.6238 369.5383 369.5545 369.7207 370.0228 370.5362 371.3026 372.0623 372.6089 373.1541 373.6667 373.7556 373.6866 373.4573 373.0233 372.7944 373.0023 373.2048 373.4128 373.6267 373.6835 373.6383 373.4101 373.1807 372.9716 372.659 372.3322 372.0166 371.8532 371.7528 371.6165 371.6377 371.8153 371.9757 372.1634 372.398 372.3648 372.2677 372.1824 371.9326
373.7963 374.0287 374.0551 373.9897 373.9296 373.784 373.5693 373.6958 373.9743 374.4655 374.4315 374.2546 374.0325 373.693 373.2778 372.6726 372.1675 371.761 371.3209 370.9412 370.6934 370.7239 370.8262 370.7692 370.7481 370.7514 370.9598 371.3039 371.8419 372.7663 373.5842 373.8864 374.1009 374.2835 374.5383 374.5874 374.4532 374.4485 374.3946 374.222 374.0006 373.9523 374.6484 374.9142 374.9036 374.4815 374.1098 373.7981 373.3656 373.1149 373.3195 373.4543 373.5667 373.7086 373.8663 374.0335 373.9108 373.9343 374.178 374.1062 373.9866 373.9051 373.7543
376.0252 376.4389 376.727 376.9203 376.852 376.5697 376.1237 376.2979 376.434 376.4927 376.3077 376.0392 375.6715 375.2191 374.733 374.1944 373.655 373.1361 372.8756 372.5582 372.1071 371.945 371.8508 371.6587 371.5553 371.5317 372.2669 373.0314 373.8283 374.4469 375.1191 375.9882 376.0099 375.7207 375.687 375.5152 375.2293 375.2318 375.1936 375.0787 375.1407 375.3344 375.8296 375.9856 375.93 375.4821 375.2042 375.0927 374.944 374.8566 374.8992 375.151 375.3747 375.1881 374.8964 374.549 374.5145 374.5644 374.7213 374.8716 374.958 374.9093 374.951
378.5529 378.4706 378.636 378.8717 379.0704 379.0724 378.9397 378.6893 378.4583 378.2563 377.8308 377.4113 377.0878 376.4676 375.7117 374.9516 374.3997 373.9984 373.8991 373.7955 373.6613 373.2675 372.8664 372.6522 372.7146 372.9533 373.5664 374.2047 374.873 375.5801 376.2368 376.783 377.151 377.42 377.4699 377.3571 377.1367 377.0319 376.8826 376.6831 376.7206 376.8758 377.2234 376.9619 376.517 376.7281 376.7513 376.6256 376.5431 376.5898 376.8518 376.7496 376.5027 376.0451 375.6577 375.3568 375.63 375.7746 375.7715 375.3959 375.0563 374.8972 374.8957
379.6048 379.8706 380.0395 380.2226 380.5698 380.5965 380.4312 380.4274 380.2663 379.9267 379.7242 379.4301 378.9023 378.4419 377.921 376.9619 376.0186 375.0849 374.5868 374.2194 374.0344 374.0785 374.1372 374.1024 374.2169 374.4287 374.8509 375.2684 375.6844 376.0249 376.4638 377.0832 377.5515 377.8904 377.8951 377.8895 377.876 377.8606 377.8413 377.8267 377.685 377.6034 377.6995 377.9351 378.2116 378.3903 378.4104 378.3008 378.1623 377.9307 377.5638 377.6717 377.6447 376.8614 376.5957 376.5675 376.1663 376.0068 376.0883 376.2896 376.4404 376.4736 376.4651
381.5052 381.5279 381.6748 381.9168 382.3674 382.4679 382.3978 382.4803 382.3858 382.1201 381.8501 381.4734 380.8952 380.3402 379.7116 378.7552 377.4895 376.0581 375.6314 375.3566 375.2589 375.0544 374.9242 375.023 375.2096 375.443 375.7718 376.1201 376.4822 376.5757 376.7938 377.2115 377.7861 378.2776 378.3879 378.6794 379.0199 378.8616 378.8692 379.0331 379.1853 379.2891 379.3079 379.2036 379.0348 378.7454 378.7455 378.9304 378.7389 378.6046 378.5381 378.4757 378.3517 378.0916 377.3711 376.6 376.863 377.0992 377.3113 377.3994 377.672 378.2451 378.3078
384.0557 383.9937 384.1118 384.2101 384.1882 384.2037 384.1913 383.8144 383.6343 383.6097 383.1531 382.6727 382.1788 381.7664 381.2504 380.2999 379.3022 378.2898 377.5277 376.9744 376.6488 376.6494 376.682 376.7102 376.9059 377.1636 377.4502 377.6667 377.8378 378.095 378.4078 378.7921 379.112 379.3956 379.6031 379.7581 379.8888 379.9955 379.9231 379.678 379.6462 379.664 379.7321 379.6711 379.5863 379.5349 379.4865 379.4501 379.5472 379.4396 379.1039 379.0198 378.7924 378.1643 378.0067 378.0656 378.3976 378.7791 379.2003 379.4192 379.6969 380.0577 380.1486
385.8515 385.6826 385.8851 385.9258 385.4911 385.4326 385.4868 385.3898 385.2245 385.0145 384.5816 384.1798 383.8234 383.5316 383.103 382.2393 381.5079 380.8559 380.287 379.4668 378.4105 378.1647 378.008 377.9157 377.9846 378.1395 378.4504 378.9052 379.4287 379.5665 379.9093 380.4914 380.818 380.9641 380.7748 380.8303 380.9451 380.8394 380.769 380.7263 380.8698 380.8593 380.6205 380.3268 380.1946 380.5773 380.2281 379.5476 379.4359 379.4915 379.7077 379.375 379.169 379.2839 379.137 379.0947 379.7997 380.4236 380.9861 381.2862 381.8077 382.5952 382.657
387.0313 386.8427 387.1742 387.1686 386.463 386.4089 386.5305 386.5522 386.3893 386.1014 385.5576 385.1492 384.9029 384.493 384.077 383.6983 382.9459 382.0201 380.9526 380.1757 379.6242 379.4068 379.2551 379.1898 379.0639 378.9597 378.967 379.4252 380.0994 380.5298 380.7083 380.6435 381.1312 381.5326 381.6671 382.0499 382.4083 382.3138 382.1568 381.9641 381.9933 381.9872 381.928 381.5672 381.2451 381.167 381.0566 380.9124 380.5441 380.3319 380.2548 380.1814 380.2912 380.6995 380.9562 381.1519 381.2842 381.6717 382.2205 382.8914 383.5242 384.1212 384.1152
388.1158 387.9731 388.0534 388.1183 388.1123 387.7707 387.4377 387.3938 387.2997 387.1395 386.5196 385.872 385.2081 384.8865 384.5547 384.1513 383.4977 382.7357 381.8857 381.2938 380.8763 380.8095 380.7334 380.6453 380.5942 380.5532 380.5199 380.6844 380.9801 381.5699 381.932 382.0898 382.2712 382.5433 382.9746 383.3196 383.5151 383.2161 383.1386 383.1941 383.3524 383.2952 382.9977 382.4545 382.0242 381.9178 381.8038 381.6938 381.6196 381.542 381.4613 381.5709 381.6567 381.7036 382.0059 382.3856 382.8429 383.2004 383.4969 383.6785 383.9357 384.2678 384.8578
389.7963 389.379 389.357 389.2908 389.1634 389.1933 389.0978 388.5412 388.3065 388.1908 387.7273 387.2279 386.6928 386.088 385.5377 385.0906 384.5391 383.9818 383.5178 382.8981 382.2182 382.3261 382.2585 381.9911 382.1774 382.4719 382.8704 382.9251 382.8836 383.0644 383.4161 383.8961 384.334 384.5704 384.4999 384.3719 384.208 383.9855 383.9927 384.11 384.1945 384.2932 384.3956 383.9955 383.513 382.9523 382.5929 382.2907 381.9707 382.1579 382.658 382.9917 383.3124 383.6204 383.7741 383.9813 384.3692 384.5804 384.7226 384.8664 384.9613 385.0158 385.2084
391.1382 390.9926 391.0508 391.0117 390.8517 390.4161 389.9915 389.6792 389.7789 389.9308 389.3378 388.8409 388.4213 388.2043 387.8484 387.2809 386.6487 385.9698 385.1893 384.2473 383.3144 383.5938 384.0776 384.7539 384.542 384.4583 384.7802 384.8145 384.7255 384.5016 384.6932 385.1616 385.2762 385.3131 385.2548 385.7325 386.1531 386.2062 386.3341 386.4452 386.1574 385.7439 385.231 384.965 384.7702 384.7145 384.4739 384.1516 383.7173 383.7199 383.9862 384.6131 385.0305 385.2157 385.3408 385.434 385.4705 385.559 385.6316 385.5309 385.5378 385.6137 385.4899
392.7909 392.7687 392.578 392.4613 392.4277 392.1309 391.8377 391.6103 391.5299 391.4767 391.2938 390.9817 390.5775 390.1838 389.6194 388.8259 387.8956 387.0232 386.381 385.6329 384.9295 385.0224 385.1386 385.2846 385.5052 385.7372 385.9865 386.3699 386.6863 386.6008 386.6256 386.7344 387.112 387.3193 387.3276 387.5972 387.8502 387.9908 388.1188 388.1935 387.9649 387.6931 387.3916 387.1098 386.816 386.5068 386.2045 385.9616 385.8837 385.9011 385.9864 386.26 386.5123 386.7392 386.6345 386.5598 386.5838 386.5308 386.4612 386.4269 386.329 386.2004 386.351
