data/Petrone_etal_2016/Digital_Elevation_Model/dem_catbl_wgs84.asc
ncols         865
nrows         297
xllcorner     -50.201966770779
yllcorner     67.120544222588
cellsize      7.2999999999998e-005
NODATA_value  -9999
[rows 196 to 223 of 297, columns 504 to 566 of 865]
337.0212 336.9371 336.8743 336.8172 336.7952 336.7959 336.8496 336.9568 337.098 337.2949 337.4583 337.5814 337.707 337.7904 337.7742 337.7942 337.851 338.054 338.2635 338.4741 338.803 339.1056 339.3693 339.5625 339.8335 340.3735 340.9208 341.4731 342.0428 342.5849 343.1021 344.0291 344.8742 345.5193 346.3605 347.1835 347.7015 348.2296 348.7718 349.5109 350.1402 350.6393 351.1159 351.6186 352.1815 352.5872 352.939 353.3464 353.8338 354.3797 354.8025 355.3251 355.999 356.8712 357.7778 358.6668 359.3999 360.0698 360.9439 361.8096 362.6721 363.4217 364.0312
337.7657 336.9402 336.4431 336.4833 336.4232 336.3522 336.3136 336.4165 336.6028 336.9035 337.1485 337.3395 337.4935 337.6321 337.7488 337.88 338.0279 338.2222 338.4624 338.7398 339.1599 339.5481 339.8952 340.3661 340.8953 341.5278 342.1117 342.6912 343.3577 343.938 344.4535 344.9789 345.5257 346.1121 346.5131 346.8676 347.2054 347.6833 348.2333 348.692 349.1205 349.5195 349.807 350.1053 350.4426 350.838 351.2899 351.9305 352.5074 353.0332 353.5677 354.0804 354.5623 355.6032 356.6708 357.5782 358.4607 359.3228 360.1393 361.0014 361.8997 362.7641 363.4712
336.2017 336.0934 335.9874 335.8832 335.7547 335.6653 335.6876 335.887 336.175 336.5531 336.9011 337.219 337.4408 337.6721 337.9255 338.2867 338.6671 339.0306 339.4212 339.8263 340.1719 340.4879 340.7678 341.1619 341.6057 342.1235 342.6979 343.2872 343.8485 344.265 344.5766 344.9088 345.0953 345.1253 345.3136 345.5859 346.0269 346.5235 347.0373 347.4483 347.8361 348.2034 348.5068 348.7959 349.0636 349.5881 350.1573 350.6337 351.0448 351.4178 351.816 352.3829 353.1403 354.2599 355.307 356.0948 356.8988 357.7097 358.5117 359.5479 360.7549 361.45 362.1428
335.0687 335.0319 334.9885 334.9359 334.8405 334.7676 334.7611 334.9886 335.3324 335.8338 336.4091 337.0401 337.5441 337.9697 338.2902 338.8704 339.4154 339.6954 339.9297 340.1556 340.516 340.9234 341.3766 341.9247 342.4933 343.0926 343.4337 343.688 343.878 344.0135 344.1168 344.2725 344.3362 344.248 344.5166 344.8723 345.309 345.5524 345.7608 346.2016 346.5247 346.7578 347.0419 347.235 347.2977 347.6457 348.1418 348.8958 349.4948 350.0152 350.519 351.3834 352.5926 353.4633 354.1718 354.6226 355.416 356.3148 357.2169 358.215 359.2667 360.0013 360.5989
333.3235 333.256 333.3089 333.481 333.4362 333.4459 333.5951 333.9551 334.359 334.6714 334.9862 335.31 335.8956 336.4246 336.8816 337.2706 337.5782 337.7079 337.8437 338.0049 338.3461 338.8115 339.3815 339.9741 340.5685 341.1649 341.4901 341.7362 341.9455 342.1324 342.3035 342.4466 342.6617 342.9557 343.2024 343.4511 343.7182 344.0046 344.2765 344.4538 344.7311 345.0703 345.0428 345.015 344.9861 345.1564 345.5417 346.4119 347.0352 347.5742 348.3445 349.4494 350.846 351.6892 352.4301 353.0444 353.4656 353.9654 354.9059 355.8102 356.7051 357.846 358.7253
331.0199 330.9882 330.9565 330.9245 331.0721 331.2384 331.4215 331.8684 332.3125 332.4703 332.5901 332.6872 332.7376 332.795 332.8694 333.0462 333.326 333.8042 334.136 334.4043 334.6366 335.0872 335.6915 336.2505 336.8148 337.3864 338.2392 339.0684 339.6776 339.9633 340.1064 340.3385 340.529 340.6785 340.8511 341.1215 341.5575 341.884 342.1443 342.2705 342.4087 342.547 342.5138 342.6345 342.9238 342.9181 343.0658 343.6138 344.1346 344.6348 345.0503 346.0558 347.487 348.4724 349.5317 350.6904 351.0774 351.3302 351.6229 352.3112 353.2433 354.6606 355.6801
327.1172 327.6665 327.8425 327.7404 327.8992 328.0555 328.2035 328.3551 328.6176 329.2092 329.438 329.4765 329.3731 329.2569 329.1209 329.27 329.4468 329.6373 329.9416 330.3116 330.8003 331.4276 332.1394 332.6747 333.2598 333.9019 334.869 335.8282 336.6723 337.297 337.7897 338.0013 338.1821 338.3429 338.331 338.3797 338.5227 338.8091 339.1122 339.3727 339.7197 340.088 340.2504 340.4819 340.785 341.0103 341.258 341.569 341.912 342.241 342.493 342.791 343.1344 343.8339 344.6964 345.7536 346.7036 347.4899 347.9334 348.6642 349.577 350.9728 352.1928
323.2078 323.4695 323.7717 324.0863 324.2023 324.1347 323.8403 323.9819 324.1417 324.1642 324.2045 324.2815 324.496 324.8297 325.2673 325.8982 326.3528 326.5122 326.9405 327.3934 327.7048 328.1307 328.6349 329.3383 329.8854 330.2641 331.3434 332.4508 333.4681 334.1676 334.7413 335.2183 335.6683 336.0899 336.0074 335.7935 335.406 335.5086 335.7457 336.1099 336.362 336.586 337.0004 337.3474 337.6358 337.4515 337.4674 337.8482 338.0574 338.3183 338.9207 339.3673 339.7019 339.7447 339.9194 340.2368 341.0609 342.0791 343.3836 344.1564 344.8029 345.7338 346.9217
319.1061 318.8169 318.9301 319.2748 319.5406 319.6104 319.458 319.2459 319.2223 319.6191 319.9086 320.1691 320.4847 320.8398 321.2304 321.9582 322.7307 323.5631 324.2596 324.8407 325.1707 325.7349 326.4016 327.0381 327.3544 327.3831 328.1513 328.8696 329.4358 330.2185 331.0601 331.9143 332.4035 332.6662 332.5804 332.4875 332.3857 332.2862 332.0754 331.6269 331.4259 331.4488 332.1663 332.8003 333.3723 333.0177 332.7794 332.7014 332.9277 333.2028 333.4478 333.761 334.1321 334.6982 335.1378 335.4658 336.1331 337.0841 338.4949 339.6121 340.6262 341.5569 342.3652
316.442 316.1976 316.1558 316.1937 316.0373 315.9901 316.0443 315.9656 315.9652 316.1292 316.4314 316.8385 317.5134 317.9162 318.1597 318.7066 319.2968 319.9386 320.5567 321.1941 321.8774 322.8049 323.7794 324.4677 325.0324 325.5024 325.7736 326.2399 326.9831 327.3819 327.8155 328.5756 329.0774 329.3979 329.2668 329.167 329.0963 328.6821 328.2312 327.7487 327.5211 327.385 327.315 327.4074 327.6047 327.7819 328.0786 328.5119 328.5607 328.6413 328.9513 329.3425 329.7721 330.2791 330.9191 331.6636 332.5439 333.4454 334.3651 335.5699 336.8244 338.0048 338.8757
314.5599 314.1681 313.9296 313.787 313.8411 313.7725 313.6008 313.5681 313.6878 314.0372 314.3586 314.7273 315.2761 315.6481 315.9312 316.3478 316.8208 317.3545 317.7794 318.2683 318.9027 319.7823 320.7293 321.6037 322.2132 322.6377 322.806 323.1403 323.6909 324.0441 324.3629 324.6788 325.0571 325.4726 325.9812 326.0437 325.7206 325.3891 325.0663 324.7684 324.7801 324.8474 324.8391 324.7328 324.5964 324.8133 324.9667 325.0578 325.28 325.5514 325.9019 326.4578 327.0219 327.2865 327.7533 328.3612 329.0009 329.8173 330.8663 331.9132 332.9626 334.0276 335.1041
313.0596 312.737 312.5567 312.4118 312.1995 311.95 311.6705 311.8103 312.0103 312.293 312.4982 312.7987 313.3935 313.8144 314.1298 314.2206 314.4583 314.8253 315.2344 315.9459 317.1682 317.7949 318.2691 318.7472 319.0055 319.1412 319.3644 319.5814 319.7947 320.0657 320.2726 320.3257 320.4005 320.5509 321.0367 321.3274 321.4734 321.8827 322.0692 321.9478 321.7144 321.493 321.3558 321.2453 321.1927 321.5595 321.8895 322.1793 322.5497 322.9115 323.2472 323.5998 323.9809 324.4333 324.9395 325.4821 326.1251 326.7921 327.4883 328.3436 329.2182 330.074 331.1574
311.8868 311.5327 311.3607 311.2445 311.129 311.0151 310.9084 310.8889 310.875 310.8685 310.7591 310.7133 310.8501 311.0259 311.2213 311.4717 311.7267 311.9866 312.3689 312.8346 313.4186 314.342 315.194 315.5885 315.9514 316.2664 316.3763 316.4977 316.6151 316.4284 316.3459 316.4887 316.5788 316.6334 316.6046 316.7907 317.126 317.6748 318.0919 318.3542 318.4687 318.4491 318.1812 318.1577 318.2581 318.5017 318.7589 319.0314 319.2603 319.5563 319.9533 320.3023 320.7559 321.5962 322.2979 322.9319 323.6451 324.3792 325.1332 325.5255 325.8741 326.2088 327.0004
310.9652 310.78 310.5922 310.4034 310.196 310.094 310.0419 309.8902 309.6847 309.4213 309.2404 309.0863 308.9729 309.0787 309.2336 309.2547 309.2949 309.3502 309.6166 310.0722 310.7711 311.2898 311.6723 311.812 312.1084 312.451 312.6149 312.7028 312.724 312.9622 313.1133 313.1015 313.1808 313.2887 313.4048 313.3313 313.1646 313.2427 313.4884 313.9117 314.3329 314.812 315.391 315.4156 315.3362 315.6394 315.9214 316.1879 316.5825 317.0438 317.5954 318.2726 318.8905 319.2983 319.9268 320.5987 320.8721 321.4025 322.1505 322.789 323.3965 323.957 324.463
309.6335 309.5327 309.5074 309.4874 309.458 309.4256 309.3825 309.2538 309.1443 309.0517 308.9501 308.8311 308.683 308.5373 308.3902 308.2375 308.1293 308.0523 308.0406 308.0096 307.9629 308.6711 309.2375 309.2789 309.2389 309.1847 309.1982 309.2088 309.218 309.4258 309.6433 309.878 310.0607 310.2128 310.3219 310.431 310.542 310.6494 310.9267 311.3594 311.924 312.5358 313.2044 313.425 313.5248 313.63 313.82 314.0624 314.368 314.741 315.195 315.6043 316.0802 316.7083 317.1757 317.5758 317.9218 318.4537 319.1233 319.5604 320.1827 321.0641 321.6363
309.3101 309.2952 309.2122 309.1295 309.0671 309.0052 308.9481 308.909 308.8555 308.7907 308.6563 308.522 308.3911 308.2541 308.1048 307.9269 307.7689 307.6273 307.5668 307.4989 307.4226 307.4411 307.4876 307.5717 307.5676 307.5554 307.6265 307.6454 307.635 307.8283 307.9478 307.9758 308.2811 308.5534 308.6505 308.6934 308.7441 309.0098 309.2992 309.6116 309.9683 310.3406 310.7361 311.1695 311.5679 311.8242 311.9332 311.9719 312.1244 312.3913 312.7697 313.2741 313.8494 314.543 314.9982 315.3366 315.4957 315.7717 316.1279 316.5317 317.1677 318.0927 318.6165
309.164 309.106 309.0283 308.96 308.9172 308.8473 308.7678 308.6897 308.5977 308.4962 308.395 308.2802 308.147 307.9781 307.7818 307.5255 307.3475 307.2108 307.1356 307.0508 306.9582 306.9084 306.8378 306.7307 306.6591 306.5922 306.5149 306.5279 306.5948 306.7216 306.9124 307.1679 307.5331 307.8451 308.0228 308.2058 308.371 308.4395 308.5584 308.7109 308.9501 309.1189 309.1955 309.3708 309.5342 309.617 309.7638 309.9349 310.073 310.306 310.6247 311.1298 311.645 312.1624 312.6781 313.1181 313.291 313.5738 313.9117 314.1858 314.5898 315.1362 315.8347
309.0638 308.9863 308.9678 308.9105 308.7812 308.6796 308.5868 308.4958 308.4161 308.3403 308.2214 308.1165 308.0271 308.3044 308.4966 308.4244 307.6556 306.8015 306.7688 306.7372 306.7055 306.6255 306.5134 306.357 306.3338 306.3432 306.3711 306.3824 306.3885 306.4155 306.457 306.5139 306.4886 306.5292 306.6943 306.9158 307.1353 307.2896 307.509 307.7551 307.8392 307.9327 308.0361 308.0971 308.2013 308.4201 308.5248 308.5962 308.7154 308.8726 309.0592 309.1115 309.345 309.8367 310.2789 310.7345 311.2703 311.7026 312.0812 312.4256 312.7338 313.0046 313.3352
310.0162 308.9783 308.8158 308.6978 308.6165 308.5518 308.4826 308.3899 308.3145 308.2403 308.0892 307.9436 307.804 307.609 307.8244 308.8342 308.0275 306.9076 306.8036 306.6504 306.4747 306.564 306.384 305.8908 305.7239 305.6989 305.8937 306.0326 306.1268 306.049 306.1432 306.359 306.0565 305.8502 305.7796 305.7077 305.6751 305.7647 305.838 305.922 306.2092 306.4926 306.7732 306.9523 307.1516 307.4062 307.4849 307.5096 307.539 307.6147 307.7223 307.819 307.941 308.0946 308.5047 308.918 309.2415 309.6378 310.0654 310.509 310.7253 310.7625 311.0779
310.354 310.5378 309.3345 308.626 308.5571 308.441 308.3459 308.3284 308.2827 308.2253 308.1671 308.076 307.9567 307.8887 308.0613 308.6199 307.8947 307.0827 307.0829 307.0896 307.1313 307.6565 307.9159 307.8839 306.8375 306.0717 306.0724 306.029 305.9588 305.8393 305.8581 305.9854 305.7386 305.5895 305.5928 306.2023 306.3866 305.2151 304.7334 304.5866 304.7199 304.9688 305.3135 305.5073 305.6941 305.8823 306.1607 306.3878 306.3675 306.4038 306.4754 306.6361 306.8165 307.018 307.3132 307.5828 307.7751 308.1227 308.484 308.6694 308.8929 309.1444 309.5192
310.9069 311.0959 309.623 308.792 308.6789 308.6272 308.5726 308.4966 308.4099 308.3255 308.2769 308.218 308.1509 308.4225 308.3505 307.7671 307.5822 307.7347 308.6316 308.1455 307.218 308.214 308.0251 306.7526 306.5256 306.3716 306.2316 306.0847 305.9424 305.8393 305.7753 305.7299 305.5863 305.4649 305.3691 305.6326 305.9362 306.2738 305.9443 305.3513 304.7046 304.1167 303.588 303.6771 303.8709 304.1988 304.4472 304.6945 304.9989 305.2814 305.5274 305.5255 305.5884 305.7114 305.6071 305.6419 305.9507 306.1686 306.4041 306.8193 307.1288 307.3787 307.8604
309.2195 309.0213 308.9784 308.9325 308.8833 308.8061 308.728 308.6516 308.5801 308.5162 308.4739 308.3927 308.2828 308.1074 307.9633 307.8552 307.7403 307.7275 307.9527 307.6848 307.4285 308.4138 308.1231 306.8019 306.7158 306.6245 306.4789 306.3808 306.2773 306.1187 306.0413 305.9805 305.7045 305.4872 305.3191 305.0338 304.7892 304.6287 305.0285 305.4488 305.1087 304.7733 304.4142 303.2238 302.5451 302.4935 302.7426 303.1023 303.6158 303.9037 304.0751 304.0733 303.8598 303.4812 303.694 303.9496 304.2549 304.401 304.5245 304.6887 304.9526 305.2848 305.7927
309.403 309.205 309.1025 309.0486 309.0351 308.9969 308.9153 308.7669 308.7045 308.6454 308.5295 308.4485 308.3834 308.2654 308.1433 308.0197 307.9387 307.9075 307.9845 307.7975 307.5661 307.6584 307.4987 307.1471 306.9823 306.8845 306.8705 306.725 306.8124 307.5672 307.5827 307.2876 306.9608 306.6032 306.2312 305.8335 305.6184 305.7191 305.3872 304.9008 304.2687 303.9113 303.7014 303.3482 303.0789 302.9224 302.4001 301.982 301.8596 301.8092 301.8081 301.9412 301.9948 301.9867 302.0369 302.1738 302.4261 302.4948 302.5601 302.7105 302.8468 302.9858 303.1733
311.0834 310.9512 310.3578 309.7984 309.2823 309.1192 309.0008 308.9396 308.8871 308.8439 308.8232 308.841 308.8715 308.8599 308.833 308.7933 308.6337 308.4644 308.291 308.2139 308.1705 308.1493 308.1441 308.1512 308.2717 308.091 307.5853 307.7864 308.0656 308.3706 308.0976 307.6129 307.1786 306.7244 306.2561 305.9022 305.6473 305.5342 305.0728 304.5185 303.9079 303.4722 303.1459 303.0978 302.9975 302.8488 302.3489 301.9886 301.9279 301.8695 301.7328 301.2811 301.0219 300.881 300.7888 300.759 300.7947 300.7705 300.8008 300.9794 301.1152 301.2325 301.3397
310.0106 309.8689 309.8102 309.761 309.7168 309.6152 309.544 309.5117 309.4902 309.4933 309.5681 309.5928 309.6005 309.6435 309.6024 309.4923 309.3392 309.2374 309.2183 309.1367 309.0524 309.0034 308.9935 308.984 308.7262 309.0493 309.9692 309.9278 309.6513 309.0748 308.5484 308.0868 307.8326 307.3028 306.6009 306.0561 305.6226 305.3249 304.8297 304.2462 303.5141 302.9337 302.4846 302.4646 302.5343 302.6727 302.3293 301.8472 301.1786 300.7774 300.5119 300.4759 300.4759 300.478 300.2386 300.0635 299.9592 299.4225 299.0444 299.0322 299.1852 299.3882 299.588
310.6719 310.432 310.3826 310.3024 310.2204 310.3544 310.4072 310.3762 310.4013 310.38 310.2415 310.2234 310.2273 310.1366 309.9829 309.788 309.6938 309.5997 309.5048 309.3802 309.4153 309.882 309.4484 308.713 308.5885 308.6013 308.726 308.4003 308.3634 308.8239 308.5612 308.1127 307.6668 307.28 306.9132 306.3218 305.7743 305.28 304.9735 304.6124 304.1026 303.5162 302.8877 302.2096 301.7855 301.5422 301.3018 300.8928 300.2501 299.9341 299.6689 299.378 299.1625 299.017 299.1369 299.1246 298.9966 298.9028 298.8674 298.9349 298.5953 298.1904 298.0038
311.8274 311.2672 311.067 310.9843 310.9522 310.876 310.8471 310.8608 310.825 310.7817 310.7286 311.2165 311.5476 310.5965 310.1725 310.0745 309.9381 310.109 310.6432 309.8767 309.4386 310.1544 309.6194 308.7785 308.8166 309.0722 309.5211 309.342 309.1573 308.9725 308.7996 308.5379 307.9943 307.5368 307.1213 306.7078 306.4062 306.2079 305.6259 305.0963 304.7217 304.1107 303.4427 302.8532 302.0695 301.1678 300.3291 299.7235 299.388 299.6269 299.6954 299.1766 298.8591 298.6753 298.8064 298.6861 298.3722 298.253 298.1187 297.9562 297.6931 297.5841 297.9673
311.8427 311.7007 311.5326 311.412 311.3036 311.148 311.0621 311.0346 310.9789 310.9006 310.7873 310.7363 310.6712 310.5154 310.4041 310.3152 310.216 310.0512 309.8238 309.6811 309.5337 309.3767 310.0823 310.6276 309.4432 308.8488 308.6398 309.1948 309.4084 309.2123 308.9849 308.6889 308.2409 307.8463 307.4533 306.9259 306.596 306.428 305.9329 305.0852 303.7087 303.3054 303.1511 303.0778 302.4925 301.6468 300.8641 300.1938 299.6439 298.9539 298.232 297.4626 297.2791 297.3137 297.5387 297.4695 297.2116 297.2087 297.1195 296.9275 296.5685 296.1641 295.7216
