data/Petrone_etal_2016/Digital_Elevation_Model/dem_catbl_utm22n.asc
ncols         541
nrows         475
xllcorner     534622.5
yllcorner     7445082.5
cellsize      5
NODATA_value  -9999
[rows 140 to 167 of 475, columns 315 to 377 of 541]
358.7403 359.3128 360.6467 360.9649 361.7282 364.0669 365.4909 366.8095 368.3904 370.5397 372.4617 374.4582 377.5575 379.2167 381.4677 383.483 386.1475 388.5799 390.9587 393.4766 398.1325 400.6648 402.2734 405.6537 408.405 410.6224 413.0059 415.5505 417.7682 421.7929 426.5795 428.406 430.4043 432.8662 435.194 437.1297 441.1628 443.462 444.449 445.444 446.1553 447.5703 447.9752 448.8759 449.1356 448.0227 446.9156 446.803 446.3445 445.1813 443.3085 441.1135 440.5862 440.1988 438.2141 435.2474 431.6705 428.1773 427.1895 427.176 427.0956 427.0985 426.9413
359.0521 359.0328 359.5682 360.6577 361.5648 362.5271 363.9975 365.3528 366.5152 369.0752 370.5875 372.8143 375.532 376.9353 378.9073 381.2089 383.7906 386.5469 388.4988 390.2137 396.1359 399.2938 401.6223 404.2357 407.0695 409.7722 412.4496 414.6286 417.7926 422.2025 425.4628 427.33 429.3686 431.9711 434.7036 438.1577 441.9822 443.9867 445.328 446.2031 447.2712 448.1352 448.5547 449.4065 448.9323 448.049 446.3355 445.3508 444.3945 443.0348 441.7197 440.4944 439.3273 438.1341 435.6967 433.0964 430.8371 428.8058 428.3661 427.6036 427.4165 427.4191 427.5959
358.901 359.1181 359.063 359.6758 361.0016 362.1545 363.093 364.1261 365.4385 366.9695 368.3727 370.7233 373.1261 374.5424 376.5222 378.1624 380.8062 384.5737 386.717 389.0739 392.9664 397.425 400.7955 403.3438 406.2066 408.7532 411.1025 414.1102 418.2636 422.1013 424.2768 426.473 428.805 431.655 435.6355 438.6271 441.9654 444.2637 446.3663 446.9912 447.198 448.3092 449.0705 449.4652 448.6359 447.1028 445.7313 444.1873 443.3567 442.2325 440.976 440.1789 438.899 437.1086 434.6672 433.0359 431.4616 430.4114 429.5405 428.9139 428.3338 428.8676 428.7815
358.6345 359.1932 359.2133 359.361 360.1767 361.4309 362.3232 362.9689 364.3127 365.4102 366.6379 368.4362 370.8781 372.7158 374.7893 376.7544 378.992 382.2108 384.7645 387.5903 391.2059 395.4361 398.4743 401.6676 404.4012 407.6374 410.3303 414.1869 417.9354 421.1514 423.0914 425.5228 428.4652 431.994 435.1 439.3767 442.4359 444.749 446.4316 446.9338 447.4044 448.5184 449.4175 449.3372 448.5298 446.7205 445.4398 443.9367 442.5739 441.6634 440.9522 439.9471 438.3792 436.2917 434.4878 433.2001 432.5989 431.5166 430.7975 430.384 429.8965 430.1687 430.4182
358.0525 358.8347 359.4419 359.4217 359.7504 360.5744 361.5519 362.1704 363.2802 364.2073 365.63 367.4781 369.4542 371.4564 373.541 375.786 378.0063 379.8607 382.4579 385.5659 390.0176 394.3011 397.0531 400.8597 403.5053 407.0003 409.9275 412.9843 416.6331 419.8372 422.5455 424.9304 428.7317 433.0899 436.23 438.9178 442.3511 445.0482 446.4701 446.9322 447.9658 448.9986 449.1163 448.5554 447.8443 446.9635 445.482 444.3772 443.3798 441.8548 440.6193 439.8152 438.6086 436.5993 434.9608 433.3295 432.4537 431.934 431.5515 431.5189 431.6353 431.5263 432.0453
356.693 357.8209 358.7624 359.4985 359.7482 359.8424 360.6898 361.2106 362.2342 363.5011 365.1931 366.5699 368.3653 370.6282 372.5827 374.5022 376.8028 378.9462 381.4351 384.7567 388.7729 392.5657 396.2603 399.2202 402.421 405.6698 409.8688 413.924 417.414 420.0008 422.514 425.868 429.4095 433.0688 436.5752 439.525 443.2303 445.465 446.6621 447.6583 448.5103 449.0248 448.7015 447.8322 447.594 447.1506 446.2933 445.0653 443.9802 442.9845 441.2585 439.9719 439.1666 437.7867 436.3022 434.8884 433.7115 433.5988 433.157 432.9864 433.3317 433.1085 433.2789
355.0312 356.2115 357.8025 358.7539 359.2033 359.3908 359.8136 360.4674 361.4387 362.8277 364.3349 365.9158 367.4527 369.3787 371.5254 373.5096 375.5548 377.695 379.4814 384.3991 388.3669 391.4345 395.6768 398.1736 400.9109 404.5459 408.7675 414.0243 417.8803 420.6501 422.4773 425.6054 429.8228 433.1732 436.355 440.3244 443.2855 445.9907 447.4911 448.875 449.6515 449.9648 450.0588 450.6859 449.9748 448.0639 447.1127 446.4052 445.4988 444.353 442.9557 441.388 439.6962 438.5918 437.394 436.1311 435.6962 435.9901 435.4889 434.877 435.1599 434.7958 434.4457
354.1415 354.9224 355.9095 357.4808 358.4547 358.7726 359.3619 359.9015 360.7972 362.1133 363.4572 364.8637 366.4546 368.6098 370.2418 372.3997 374.571 376.6614 379.6966 382.857 386.9442 390.7322 394.7428 397.8197 400.5915 404.4576 408.6215 413.15 418.2888 420.955 422.9667 425.9456 429.5345 433.0637 436.4224 439.9767 442.8052 446.491 448.5833 450.7647 451.898 452.138 452.3618 452.877 452.3874 450.0147 448.3722 447.7774 447.6109 446.7773 445.3658 444.1093 442.9425 441.2331 439.5659 438.3146 438.0026 438.163 437.6624 437.0258 437.1487 436.6449 435.8717
353.1955 354.0317 354.8446 355.8839 357.4625 358.5004 359.0265 359.5641 360.3094 361.3669 362.5522 363.7759 365.7268 367.7354 369.5195 371.668 374.0513 376.4709 378.9341 382.1507 385.2175 390.6776 394.6113 397.7998 400.8872 404.9323 408.4386 413.2351 417.6254 420.319 423.109 425.8344 430.0388 434.3752 437.1994 439.9231 444.1599 446.9671 449.997 451.862 453.3686 454.529 455.064 455.3012 454.2421 451.9986 450.28 449.4617 449.4421 449.4734 448.7309 447.0177 445.6411 444.5198 442.7526 441.4122 440.9313 440.8044 440.0633 439.7561 439.6307 439.0905 438.2776
352.3841 352.9163 354.0508 355.0478 356.115 358.0387 358.6823 359.0888 359.6067 360.3982 361.3982 363.1074 365.0545 366.6321 368.889 371.2295 373.132 376.1095 378.4438 381.566 385.3747 390.2075 394.4534 397.2615 401.5589 406.5199 410.1118 413.8194 417.6956 420.3183 422.9668 425.7073 431.4232 435.3944 438.3552 440.1633 444.0892 448.0037 451.0637 452.6295 454.456 456.535 457.073 457.1629 455.4023 453.2935 451.2035 451.2614 451.0402 451.3361 451.3053 449.9599 448.154 446.7142 445.7689 444.8207 443.853 443.2906 443.0398 442.8622 442.7586 442.0432 441.1778
351.8674 352.2888 352.9792 353.9975 355.3186 356.7469 357.8233 358.4557 359.0216 359.5832 360.7299 362.0403 363.7933 366.0786 368.0905 370.593 372.8198 375.4031 378.3736 381.5996 384.7219 389.4975 394.2345 397.5489 402.0183 406.9968 410.6307 414.5377 418.2911 421.0597 423.6014 427.007 430.8793 435.529 438.102 440.4879 444.5659 448.4216 450.9592 452.7207 454.606 456.464 458.2811 456.8659 455.949 454.1763 452.2732 452.0139 452.2593 452.3182 453.0702 451.9536 450.619 449.6531 448.441 447.7605 446.2733 445.6724 445.563 445.4108 445.1739 444.3741 443.3577
351.2303 351.9302 352.6789 353.4737 354.4797 355.6945 356.7796 357.9018 358.5898 359.2811 359.8489 360.9311 362.787 364.9043 367.1582 369.7156 372.5398 375.3831 378.5901 382.1288 384.9715 388.7202 393.7951 398.2677 402.2806 406.4649 411.14 414.5859 418.1769 420.5891 423.4908 426.9086 431.8539 434.9393 438.3796 440.7878 444.4753 448.5765 450.918 452.483 454.209 456.748 457.3166 455.7834 454.7151 454.4152 453.4315 452.8772 452.8973 452.9729 453.5538 453.9677 452.4492 451.3749 450.5463 449.6539 448.7062 448.1816 448.0847 447.7975 447.0768 446.3728 445.4063
350.6055 351.3319 352.3383 353.0609 353.8836 354.8731 355.9967 357.2455 357.9732 358.3591 358.9065 360.0894 362.0324 364.4736 366.7643 369.1038 372.2003 375.897 378.548 382.2069 385.064 389.0916 392.8807 397.629 402.9286 407.3349 410.7989 413.8994 417.4596 421.1263 423.7303 427.5815 432.9818 436.2049 439.1 441.7368 445.248 448.3683 450.5845 452.455 454.6161 456.7419 456.1448 455.0108 454.3476 454.6516 453.9055 453.0934 452.8968 453.2481 453.8003 453.2793 452.9339 452.1541 451.811 451.3821 451.0656 450.5419 450.2268 449.7914 449.1254 448.5957 448.3237
350.0692 350.8596 352.0255 352.6666 353.5263 354.2423 355.383 356.5929 357.3341 357.7609 358.4708 359.5947 362.0093 364.4182 366.3665 369.0516 371.6031 375.7686 378.6381 381.8098 384.877 389.3293 393.7879 398.3129 402.6567 407.4781 410.5013 413.531 416.6252 420.2506 423.7435 427.2288 432.7342 436.9214 439.8356 442.9912 445.4895 448.5745 451.0933 453.1103 454.595 456.2144 455.7731 454.739 454.3704 454.7859 454.641 453.7528 453.2208 453.28 453.653 453.6667 453.2242 453.205 453.1531 452.7918 452.394 452.1904 451.591 451.0387 450.3029 449.9032 450.166
349.7381 350.6881 351.5685 352.4331 353.044 353.7646 354.8786 355.9353 356.8366 357.3261 357.7996 359.2731 361.9651 364.2921 366.327 368.6891 371.6824 374.9321 378.6415 382.2487 385.1767 389.4399 393.4464 398.3615 402.4123 407.3583 410.0923 413.9657 416.8263 419.365 424.1885 426.802 431.6816 436.9457 440.468 444.574 447.5 449.5866 451.4645 453.453 455.054 456.2245 455.8747 454.8468 454.1256 454.6193 454.6119 454.2628 454.0475 454.6323 454.2068 454.1059 454.209 454.1467 453.7306 453.8792 453.686 453.0273 452.6254 452.2391 451.2727 450.5974 451.1515
349.5689 350.6978 351.6285 352.2677 352.7235 353.2213 354.2478 355.2769 356.2028 356.6483 357.2429 359.0029 361.7056 364.0097 366.1146 368.3339 371.3483 374.8355 378.5114 382.6681 384.8097 388.8224 393.3408 397.9204 402.5392 407.111 409.697 413.7282 416.9897 420.822 423.969 426.7047 431.2892 436.5219 441.7823 444.7573 447.2805 449.4538 451.318 454.045 455.8371 455.6095 455.4689 454.5635 454.4633 454.5939 454.7936 454.5926 454.9065 455.4681 455.4003 454.845 454.5608 454.195 454.0688 454.0831 454.4352 454.0392 453.3978 453.2014 452.9135 452.6998 452.5863
349.6986 350.7182 351.365 352.0651 352.7157 353.2176 353.5782 354.5635 355.4523 355.9529 356.6921 358.8801 361.5854 363.7753 365.8221 368.2516 371.1565 374.0732 378.3583 382.1408 384.9718 388.3064 393.4074 397.1566 401.8922 406.2711 409.4 412.8738 416.5371 419.9109 423.6576 425.654 431.0337 436.2041 441.2546 444.8208 447.2323 450.4442 451.0163 452.637 454.2501 455.5088 454.9413 454.7745 454.4876 454.9896 455.407 455.2112 455.0779 455.1405 454.8887 454.5168 454.7929 454.5047 454.6711 454.5364 454.3566 454.8577 454.2862 453.7411 453.8337 453.4216 453.6785
349.5739 350.4502 350.9866 351.4416 352.1563 353.0747 353.2507 353.7562 354.4101 355.2042 356.2165 358.5389 361.1262 363.5231 365.6037 368.1453 371.0864 375.1566 377.743 380.9605 384.4647 388.3844 393.2076 396.6925 401.6464 405.5799 408.7066 411.0787 414.5462 417.674 422.066 424.9598 430.2887 436.1226 441.3784 444.6113 446.7766 449.014 449.8573 450.736 452.5025 453.3589 454.5573 455.9033 455.6776 455.3697 455.4219 455.2824 454.7991 454.7593 454.3974 454.2251 454.4432 454.8654 454.5981 454.9121 454.8429 454.8026 454.9623 454.2168 453.5636 453.3793 453.1955
348.8389 349.5452 350.1428 350.5426 351.2945 352.3406 353.1762 353.1989 353.5152 354.2102 356.1243 358.5052 360.7606 362.7975 365.1072 368.041 371.0775 374.5483 377.6452 380.9259 383.2651 387.9506 391.4303 397.0371 400.9951 404.3136 407.4554 409.0428 412.5018 414.915 419.5685 424.2274 429.8266 435.268 440.4782 442.859 445.2332 447.746 448.0625 448.19 449.304 451.1965 453.0786 454.7673 455.659 456.1188 455.9214 455.1733 454.5721 454.7256 454.8686 454.7822 454.8696 454.8954 454.6646 454.9085 455.6544 455.3433 454.7862 455.1304 455.5764 454.2578 453.7835
347.2609 347.9907 348.7214 349.4223 350.218 351.2798 352.4332 352.8352 352.7234 353.7394 355.7381 357.8698 360.0605 362.2286 365.0028 368.1074 371.6536 374.4293 377.0967 379.7346 382.7938 385.5916 388.7765 393.4008 399.3566 402.8655 405.6599 407.6255 410.7235 413.7861 416.9769 420.5916 427.1793 434.1207 439.015 441.2021 444.466 446.448 445.733 446.3673 448.4968 450.3097 452.071 453.6728 454.79 455.579 455.5564 456.1329 455.7337 455.4458 455.5089 455.5089 455.7079 455.7582 455.2892 455.1089 455.903 455.9186 455.4459 455.4362 456.0985 455.71 454.2872
345.9674 346.4482 346.7678 347.4587 348.6914 350.0973 351.3266 352.1713 352.1154 352.9177 355.0781 357.4301 359.5074 362.1797 364.8488 368.3157 371.9811 374.4884 377.0578 379.8509 382.6725 385.2325 388.4971 392.4084 396.0136 399.3589 403.4343 407.0688 410.0586 413.6554 417.0161 420.8195 424.6361 428.098 434.4747 437.021 440.2932 441.3957 443.556 445.8583 448.403 450.1458 452.2132 452.7559 453.9225 454.1801 454.6714 455.594 456.3324 456.3991 455.9839 455.9239 456.1302 456.0689 456.1046 455.4529 455.3514 455.0813 455.0448 455.3607 455.6792 455.4698 454.6803
344.9473 345.2012 345.5792 346.1803 346.953 348.5307 350.011 350.7792 351.2356 352.4174 354.6406 356.8752 359.4156 361.9203 364.5844 368.9455 372.2848 374.6862 377.0811 379.3563 381.6205 384.915 388.4647 392.3813 396.1515 399.805 403.2194 406.8677 410.3717 413.8795 417.4178 421.0789 424.9259 428.517 431.318 434.4069 437.5136 440.6893 443.617 446.385 448.493 450.4023 452.024 452.9302 453.4702 453.5744 454.248 454.5804 455.1291 455.2148 455.1821 455.176 455.4061 455.666 455.9417 455.7611 455.5192 455.3379 455.3277 456.0388 456.34 456.3648 455.9203
344.3004 344.1739 344.3998 345.0304 345.8553 346.3986 348.2411 349.1821 349.9955 351.7741 353.9087 356.5092 358.9172 361.3953 364.8469 369.0139 372.3357 374.4222 376.878 379.7385 382.6075 386.1416 390.3062 393.6596 397.1567 400.4819 404 407.4897 410.8699 414.7973 418.342 422.2375 425.7802 428.8545 431.9805 435.3063 438.677 440.8777 444.6417 447.0857 448.9705 450.583 451.6705 452.655 453.1413 453.4392 453.5068 454.2285 454.297 453.7769 454.3872 454.5539 454.8445 455.1367 455.7346 456.0261 455.9198 456.385 456.6202 456.9077 456.8982 456.679 455.9552
343.841 343.8011 343.7187 344.0906 344.6218 345.5054 346.4228 348.0644 349.0807 351.0282 353.5276 355.9289 358.4021 361.1394 364.7805 369.0707 371.2061 374.0452 376.6283 380.2148 384.2396 387.8109 390.2265 394.6036 398.2976 401.6499 404.7908 407.2282 409.9776 415.8024 419.0329 422.9341 426.6483 429.665 432.7627 435.98 439.511 441.438 444.2606 446.6905 448.857 450.82 451.5713 452.1008 452.4166 452.7769 453.3392 453.7679 453.8159 453.6199 454.0435 454.9894 454.5059 454.9228 455.1743 455.59 455.9353 456.6226 456.6943 456.7796 456.5834 456.1939 455.208
343.4384 343.2634 343.3911 343.3553 343.6125 344.2502 345.4793 346.5408 347.8684 350.246 353.0305 355.577 358.144 361.1216 363.6091 367.24 370.8819 374.0428 376.5901 380.4081 384.0363 387.2436 390.3135 393.8254 397.7385 401.342 404.4023 406.8308 410.238 416.1823 420.1133 423.5505 426.733 429.8332 433.2523 436.3558 439.3135 441.4265 443.9483 445.9875 448.003 450.2223 451.54 451.8831 451.6797 452.2277 453.1728 453.7452 453.7789 453.014 453.515 454.4733 454.5511 454.4976 455.067 455.2449 455.375 455.3621 455.544 455.31 455.5867 454.7435 453.3853
342.9332 342.8787 342.9215 343.0709 343.187 343.3724 344.28 345.3252 347.2602 349.5219 352.5442 354.7417 359.0259 361.1881 363.0833 367.4415 370.7138 373.6911 376.7015 379.803 384.4717 387.7659 390.7609 393.8862 397.2524 401.2205 404.4225 406.7039 410.6433 416.454 420.7829 423.988 427.215 430.0863 433.0833 436.3133 438.9481 441.12 443.12 445.328 447.011 448.7863 449.9184 450.3885 450.9286 451.5341 451.982 452.7934 452.7281 452.5704 452.9129 453.6162 453.9636 454.5786 454.8942 455.2289 454.7206 454.1473 454.7143 454.7569 454.2802 453.1246 451.8927
342.4761 342.5437 342.6236 342.7213 342.7355 342.9472 343.6182 344.5665 346.6651 348.906 352.0926 354.8109 357.275 360.3372 362.762 366.5563 369.9861 373.5055 377.0936 379.619 383.7083 387.4414 390.8435 393.9427 397.2707 400.7554 404.2476 406.41 410.5088 415.9091 420.3129 423.5094 426.9054 429.632 432.73 435.6853 437.922 440.318 442.209 444.6684 446.189 447.5915 448.9311 449.0891 449.8841 450.4209 450.933 451.3322 451.5432 452.1692 451.9835 452.6545 453.7411 453.8617 454.0367 454.3668 453.8285 453.6973 453.9891 453.317 452.5518 451.4768 450.0207
342.0785 342.084 342.3806 342.3932 342.4897 342.6911 343.0272 344.1331 346.1678 348.9435 351.8601 354.2852 357.5437 360.2281 362.9333 366.0761 369.9791 374.1049 377.6983 380.0784 383.2746 387.3926 390.208 395.0169 397.7946 400.3028 403.4954 406.8646 410.7903 415.2451 419.7557 423.3237 426.7343 429.3015 432.281 435.0927 437.6037 439.4525 441.4222 444.021 445.4181 446.9128 447.5714 448.2752 449.1355 449.5831 450.4127 451.1751 451.2855 451.589 451.8225 451.8693 452.6201 452.7091 452.6312 452.714 452.6447 453.0647 452.707 451.9205 450.6898 449.5207 448.0693
