data/Petrone_etal_2016/Digital_Elevation_Model/dem_catbl_utm22n.asc
ncols         541
nrows         475
xllcorner     534622.5
yllcorner     7445082.5
cellsize      5
NODATA_value  -9999
[rows 364 to 391 of 475, columns 189 to 251 of 541]
328.4421 327.3976 326.511 325.7569 325.3328 325.1268 324.9105 324.7145 324.3638 323.6266 322.9358 322.48 322.1886 322.0415 321.7648 321.5429 321.3178 321.1919 321.2447 321.1818 321.3656 321.4523 321.4553 321.5048 321.5381 321.9686 322.6776 323.7768 324.4501 325.0212 325.6478 326.1053 326.7635 327.8676 329.0013 330.0031 330.4339 331.081 332.7478 334.8671 335.8167 335.7601 336.2495 336.3526 336.4889 338.6427 340.5507 342.168 344.5153 345.7936 346.694 347.2545 347.3573 347.3274 347.375 347.2223 347.254 346.9067 347.0003 346.9123 346.408 345.7217 345.099
328.4047 327.3187 326.4204 325.8464 325.4708 325.2107 324.8955 324.6887 324.5561 323.821 323.3201 323.0276 322.849 322.6665 322.2913 321.9748 321.7292 321.6895 321.5817 321.6562 321.8265 321.835 322.0878 322.2199 322.4258 322.6074 322.9139 323.9828 325.1239 325.9407 326.7448 327.1768 327.9338 329.4037 331.1552 331.981 332.4161 333.3295 334.8916 335.6824 335.9682 336.3417 336.2488 337.0505 338.446 340.3699 341.41 344.229 345.4155 346.5673 347.706 348.6098 348.4216 348.4204 348.176 347.9194 347.7595 347.6273 347.6982 347.108 346.8777 346.5355 345.6243
327.8353 326.9766 326.3766 326.0195 325.6896 325.3331 324.8337 324.6339 324.34 323.8653 323.7064 323.645 323.5969 323.3322 323.0824 322.7708 322.4475 322.1978 321.977 322.1511 322.2607 322.8372 323.097 323.2997 323.3309 323.7087 324.4099 325.0847 325.8053 326.8915 327.9033 328.606 329.439 330.8531 332.1176 332.4205 334.3898 335.5564 335.7722 336.0841 336.3059 336.4445 337.039 339.3102 340.921 342.3023 343.6907 344.7304 346.272 347.412 348.8238 349.5121 349.2957 349.2319 348.7981 348.7535 348.3186 348.0185 347.833 347.4908 347.1982 346.331 345.6421
327.5963 326.8244 326.4108 326.2715 325.9848 325.6057 325.1512 324.6302 324.4124 324.1917 324.1228 324.2833 324.3523 324.2375 323.965 323.5648 323.2562 322.783 322.2679 322.5264 323.0835 323.6906 324.1286 323.9904 324.3451 324.8709 325.6708 326.6545 327.472 328.4893 328.9842 329.6652 330.7366 332.6389 334.9123 335.2191 335.9561 336.2567 336.2746 336.3962 336.3837 337.1925 339.5764 340.9875 342.8422 343.7677 344.5046 345.9616 346.9475 348.2831 349.4803 349.9186 349.8882 349.5667 349.1328 349.0502 348.7303 348.2016 347.7098 347.4797 347.071 346.081 345.4155
327.7063 327.0256 326.684 326.6805 326.2853 325.9301 325.4972 324.8729 324.6125 324.67 324.8074 324.9395 325.1005 325.0125 324.7324 324.4366 324.0631 323.6943 323.3424 323.2618 323.9713 324.8026 325.2624 325.0625 325.2539 325.9375 326.9637 327.7543 328.5607 329.3784 329.9551 331.3557 333.2187 335.2334 336 336.3624 336.1358 336.3599 336.3456 336.4208 336.723 339.108 340.7458 342.488 344.1855 345.071 345.263 347.2224 347.7964 348.3845 349.4945 349.9188 350.5313 349.9298 349.6034 349.3741 348.702 347.9178 348.7668 346.8874 346.3821 346.0576 346.704
327.9292 327.561 327.2331 326.9435 326.6749 326.311 326.1715 325.6467 325.1663 325.6832 325.7664 325.8306 325.7511 325.7022 325.3328 325.2032 325.055 324.8878 324.7183 324.715 325.2166 325.7224 326.2796 326.544 326.5128 327.3388 328.1748 328.8444 329.3995 330.3896 331.3628 333.3215 333.6714 334.3502 335.9108 336.3233 336.3698 336.3179 336.429 337.2528 337.875 340.4023 342.754 344.654 345.4655 346.1952 346.5367 347.4825 348.2881 348.8234 349.5185 349.9346 350.2041 349.9048 349.6129 349.1629 348.4799 347.4479 346.8253 346.3742 345.7558 345.2478 344.6624
328.4185 328.0961 327.7667 327.462 327.0823 326.8849 327.0186 326.6686 326.5087 326.61 326.6862 326.6808 326.5897 326.4042 326.1184 326.0241 326.1654 326.2574 326.0827 326.1353 326.3961 326.8236 327.2067 327.4268 327.7947 328.8606 329.437 329.9698 330.6596 331.9235 333.7182 334.1957 334.4828 335.5508 336.3257 336.276 336.4429 336.2105 337.9 338.844 340.3297 342.2632 344.221 345.5202 346.696 347.0864 347.4911 348.0507 348.5405 349.2606 349.8253 350.255 350.2206 349.8697 349.4194 348.8752 348.2652 346.996 346.205 345.8165 345.2391 344.5943 344.0078
328.8373 328.6259 328.3216 327.9666 327.6729 327.5252 327.4308 327.4797 327.7375 327.7723 327.5587 327.4493 327.4676 327.2987 326.9546 326.8575 327.1434 327.2073 327.1629 327.2881 327.5516 327.8815 328.2222 328.4633 328.939 329.7089 330.4014 330.9516 331.8319 334.4037 335.3112 335.1065 336.0099 336.4233 336.4205 336.4455 337.3101 338.3428 339.478 340.725 342.4843 343.891 345.3525 347.1177 347.7026 347.8698 348.1759 348.3697 348.8068 349.3763 349.8637 350.4211 350.2748 349.7194 349.2786 348.4785 347.5355 346.0825 345.1476 345.0395 344.3955 344.0353 343.5302
329.3478 329.0329 328.775 328.5239 328.2732 328.1758 328.1718 328.2979 328.5986 328.6851 328.378 328.2284 328.1438 327.9756 327.6004 327.596 327.7899 327.9189 327.9585 328.0733 328.0074 328.8522 329.3344 330.0305 330.6077 331.1191 331.5943 332.8749 334.5273 335.432 335.5984 336.1806 336.3552 336.498 337.31 338.2395 338.712 339.7513 340.6975 342.3605 343.6455 345.468 346.6054 347.6707 348.5101 348.6394 348.9841 349.2316 349.4158 349.5899 350.0378 350.1951 350.1391 349.7234 349.1208 348.148 346.723 345.5726 344.7392 344.1461 343.4116 342.7695 342.3386
329.7031 329.3993 329.1628 328.8515 328.7469 328.8623 328.9211 328.9565 329.0115 328.9587 329.037 328.9654 328.6941 328.3432 328.1094 328.3224 328.6117 328.7267 328.826 329.0232 329.488 329.7955 330.3399 331.3459 331.6454 332.4433 333.3338 334.726 335.5146 335.2335 336.1998 336.349 336.5271 337.426 338.607 339.735 340.2324 340.967 342.1955 343.766 345.0953 346.716 347.9285 348.65 349.4898 349.5693 349.7426 349.8489 349.7954 349.9506 350.0958 350.1273 349.7667 349.4743 348.9895 347.656 346.525 345.0262 344.982 344.0986 342.7515 341.9748 341.1512
330.131 329.7213 329.4935 329.2406 329.3806 329.5463 329.5782 329.5447 329.4783 329.4418 329.5469 329.6369 329.1601 328.8546 328.786 328.986 329.2558 329.4834 329.5087 329.8742 330.3743 331.071 331.2393 331.2934 332.5323 333.5898 334.4824 335.4662 335.1859 336.1397 336.3541 336.4648 337.579 338.2808 339.5789 340.866 341.766 342.321 343.476 345.1186 346.6596 347.9753 348.8929 349.846 350.2777 350.5158 350.1073 349.7473 349.745 350.1459 350.076 350.0872 349.8548 349.302 348.7562 347.471 345.671 344.4633 344.0071 343.0321 341.9064 340.9721 340.2289
330.4131 330.2326 330.0097 329.8262 329.8527 329.9566 330.256 329.9819 329.9096 329.8904 329.9079 329.6869 329.4433 329.3022 329.455 329.7414 329.8347 329.8101 330.1208 330.6974 331.2908 331.7545 332.1095 332.5738 333.486 334.3437 335.2177 334.9966 336.0991 336.3799 336.5705 337.6377 338.102 339.5302 340.501 341.814 343.103 343.6175 345.2654 346.899 348.0001 349.1516 350.1456 351.0737 351.1372 350.8431 350.1013 349.4283 350.1553 350.3607 349.2988 349.4405 349.5258 349.1584 348.5948 347.6123 345.798 343.9477 342.4426 341.4288 340.976 340.1095 339.5611
330.9111 330.69 330.4751 330.3463 330.3302 330.3383 330.2939 330.4306 330.2296 330.3298 330.2171 329.9226 329.788 329.6645 330.1729 330.6881 330.6951 330.6188 330.9597 331.4507 332.0648 332.3104 332.6113 333.3884 334.4424 335.2211 335.2287 336.1832 336.3212 336.513 337.673 337.952 339.3278 340.0649 341.2769 342.783 344.05 344.9908 346.7286 348.235 349.3017 350.269 351.3046 351.7436 351.6978 351.2761 350.6538 349.2127 349.4568 349.1136 348.9472 349.7531 349.8944 349.2144 348.2126 346.8855 345.3969 343.4232 341.887 340.809 340.118 339.4712 339.0537
330.9307 330.9467 330.8876 330.8033 330.7124 330.6297 330.5087 330.4379 330.6648 330.8819 330.5676 330.3015 330.4548 330.4791 330.9183 331.616 331.5199 331.5854 331.8694 332.3378 332.5648 332.7388 333.3009 334.4173 335.1786 335.1999 336.0583 336.3396 336.537 337.4961 338.373 339.0521 339.9975 340.8631 342.0379 343.936 345.107 346.7433 347.8829 349.1384 350.788 351.6525 352.5389 352.3598 352.5281 351.774 351.014 349.194 348.8091 349.0964 348.1364 348.8465 348.7441 347.9912 347.2288 345.5391 343.6635 342.2745 340.9521 340.3063 339.3438 338.3504 337.2761
331.006 331.2626 331.2464 331.0922 331.0019 330.894 330.9106 331.0149 331.3483 331.2137 330.866 330.9637 331.3359 331.8922 332.4197 332.435 332.3714 332.4255 332.7196 333.0789 333.2055 333.6104 334.4431 335.1479 335.3354 335.6808 336.3744 336.493 337.571 338.4843 339.1745 340.079 341.0418 341.607 343.0357 344.5518 346.815 347.9128 349.381 349.8507 351.388 352.8595 353.1673 353.1693 353.0056 352.3408 351.3531 349.5757 348.8513 348.0152 347.486 348.1768 347.8004 345.942 344.8699 344.1319 342.297 340.8748 339.802 338.9147 338.4975 337.5675 336.6497
331.2898 331.2067 331.1491 331.2298 331.2557 331.2779 331.3334 331.3609 331.3947 331.111 330.817 331.314 331.9622 332.6719 333.0041 333.0735 332.9151 332.9813 333.1675 333.4056 333.5173 334.374 335.3762 335.6192 336.0452 336.4077 336.6088 334.973 338.7392 339.629 340.224 340.9362 341.485 342.7977 343.888 345.9921 347.774 349.557 350.664 351.6009 352.4448 353.6623 354.0594 353.8531 353.3096 353.0504 352.2191 350.3205 348.4181 348.7586 347.038 346.4253 346.0132 344.3539 343.0508 342.1257 341.1615 339.8228 338.903 338.2264 337.4853 336.8902 336.2455
331.4783 331.3646 331.3937 331.3968 331.6139 331.6001 331.633 331.6643 331.6968 331.4253 331.3559 331.8429 332.6183 332.9795 333.1433 333.2555 333.2116 333.1878 333.4144 333.5378 334.0047 335.1204 334.6077 335.5591 336.342 336.5282 337.0296 338.689 339.794 341.105 341.4437 342.272 342.6209 344.212 345.0914 347.5095 349.3125 351.022 352.261 353.099 353.098 354.3063 354.2393 354.0777 353.6907 353.1427 352.3415 351.396 348.6996 348.5242 347.3505 345.2614 343.848 342.7498 342.0983 341.0731 340.2381 338.7333 337.656 337.4265 337.2179 336.3249 335.5215
331.7371 331.6679 331.5699 331.6094 331.6482 331.8908 332.0033 332.1541 332.0739 332.0467 332.1782 332.6776 333.3206 333.2264 333.3175 333.3299 333.3036 333.4637 333.4818 333.9607 334.9448 335.4113 335.5493 336.2626 336.3714 336.907 338.0457 339.7686 341.0078 342.1361 342.439 343.3698 343.884 345.2715 346.7699 348.734 350.0636 351.7795 352.9509 353.9354 354.516 354.893 354.6657 354.3423 353.313 353.0396 352.2996 351.267 349.835 347.8566 346.3627 345.0533 343.7996 342.1553 340.9683 339.8147 338.4283 337.0557 336.6299 336.8309 336.5766 335.9473 334.7579
332.0349 331.8837 331.7653 331.9381 332.1102 332.376 332.4734 332.6129 332.6273 332.6532 332.79 333.0812 333.3738 333.4023 333.4129 333.2723 333.4591 333.6589 334.1024 334.8297 335.1103 335.6686 336.3017 336.267 337.0694 337.9913 339.1938 340.5932 342.0222 343.336 343.639 344.671 344.939 346.3823 350.4712 349.8078 353.5662 352.6295 353.9761 354.0654 354.4795 354.4534 355.3805 354.428 353.0547 352.4467 352.1 351.096 350.4381 348.3656 346.1533 344.8858 343.2487 341.082 339.7179 338.6367 337.4075 336.5101 336.0469 336.2461 335.6999 335.0824 333.8909
332.1165 332.1067 332.2063 332.2327 332.3342 332.5674 332.8434 333.1105 333.044 333.0618 333.2323 333.3621 333.4551 333.4735 333.4616 333.5145 333.4895 334.2004 335.087 335.155 335.8202 336.1895 336.3036 336.514 337.6766 340.5895 339.6774 341.4414 344.6612 343.793 345.023 345.616 346.4237 347.2552 348.833 351.0329 352.4969 353.8474 354.2688 356.283 355.5011 355.7322 355.6056 354.154 352.9221 352.002 351.3562 350.6841 349.6658 348.3164 346.4011 345.2009 343.1157 340.5031 338.8581 337.8645 336.684 336.1059 335.8795 335.2429 334.8865 334.2591 333.106
332.2265 332.3416 332.3454 332.2954 332.5187 332.7355 332.9606 333.1889 333.3955 333.3797 333.4209 333.481 333.4836 333.6116 333.7459 333.5963 334.2052 335.3628 335.2148 334.9431 336.1909 336.3246 336.5212 337.5412 338.164 341.9322 342.4453 343.8195 344.7811 345.2459 345.5916 346.701 347.3325 348.6107 351.5842 353.4121 354.5113 355.0109 355.9641 355.2137 355.3005 355.1683 355.0366 353.5865 352.313 351.5446 350.8131 350.3104 349.5088 348.3885 346.266 344.5785 342.9366 340.6032 338.1238 337.2365 335.5217 335.0773 334.9079 334.1223 333.8575 333.7404 332.4722
332.4877 332.6126 332.4755 332.5477 332.5526 332.8665 333.069 333.2646 333.3983 333.5 333.4053 333.5226 333.5785 333.8962 334.386 334.9558 335.5216 335.6745 335.3567 336.1523 337.8083 336.6097 337.1999 337.952 339.1246 341.5026 343.0879 344.4525 345.6439 346.768 347.6046 347.1268 347.9429 350.6112 352.0839 353.9304 355.0649 354.9943 354.6821 354.688 355.3291 354.6433 353.7017 353.5815 352.1356 351.2856 350.7289 349.8859 349.191 347.9777 346.093 344.416 342.6329 340.42 336.8006 335.7918 334.6943 333.9942 333.6627 333.0536 332.6305 332.5897 331.9532
332.8239 332.7043 332.8321 332.8561 332.9597 333.1559 333.2454 333.2744 333.4024 333.7353 333.8119 333.9359 334.1252 334.5006 335.302 335.7223 335.6967 335.8672 336.2719 336.4138 336.2889 337.409 338.0423 338.6501 339.5184 341.8617 343.1537 344.9043 346.1554 347.4598 348.4731 347.5907 348.5286 349.6485 351.8774 353.6709 354.8837 355.8212 355.071 354.6318 354.9661 354.47 353.1985 352.5757 351.7246 351.004 350.349 349.541 348.8112 347.4179 345.9175 343.717 341.7868 339.1556 335.96 334.9234 333.397 333 332.9742 332.0751 332.3345 331.3773 330.6531
332.9471 333.0934 333.1416 333.3825 333.379 333.7426 333.6357 333.7079 333.9665 334.7245 334.9972 335.1097 335.0223 335.6414 335.7496 335.7299 335.8695 336.3805 336.3139 336.2091 337.571 338.0409 340.1907 340.4859 340.883 342.806 342.7909 345.0721 346.5172 347.8907 349.1712 348.2529 348.8813 349.6268 352.155 353.1027 354.2863 355.3494 356.3058 355.185 354.3 353.5303 353.0223 352.2115 351.441 350.8383 350.1877 349.2225 348.343 346.6871 345.3631 343.129 340.944 338.6173 335.2676 334.0054 333.1037 332.235 332.0988 331.6727 331.4311 330.7198 329.42
333.0719 333.1738 333.2734 333.6026 333.7735 334.1115 334.1171 333.9792 333.9718 334.9764 335.4171 335.7945 335.7826 335.7721 335.8513 335.9701 336.2661 338.1889 336.581 337.654 337.8427 338.6995 340.8167 340.7477 341.9835 343.4029 344.7625 345.3619 346.8121 348.4094 349.679 349.5523 351.5977 350.4467 351.5601 352.4062 353.3394 354.6984 355.2398 355.0352 354.5482 354.6408 353.7866 352.0786 351.123 350.5405 350.172 349.215 347.892 346.2695 344.429 342.558 340.906 337.8285 334.0479 332.7781 332.1897 331.8853 331.4582 330.4845 329.9474 329.4252 328.4843
334.0579 334.142 334.1955 334.2599 334.1389 334.2385 334.8941 335.3543 335.0521 335.2991 335.42 335.6574 335.8345 335.9849 336.078 336.2708 337.7192 336.4066 337.1393 337.738 338.3433 340.1013 341.0432 341.2963 341.2168 343.6187 344.903 346.058 347.0536 348.9506 350.104 350.9554 351.3874 351.5742 351.4879 351.5138 352.1918 353.113 354.0418 353.5789 353.2353 353.6679 352.4576 351.6122 350.8083 350.3476 350.6054 348.9352 347.7637 346.126 343.834 341.8107 339.7596 336.3973 333.6922 332.0488 331.236 330.9669 330.5538 329.5805 328.8929 328.3077 327.7373
335.4473 334.9957 334.7383 335.0858 335.1955 335.1913 335.503 335.7201 335.8696 336.0052 336.0703 336.056 336.1293 336.2595 336.3796 336.297 336.3932 336.9404 337.5514 338.4962 340.3472 339.6754 341.3668 341.7448 341.9401 343.5857 344.8691 346.3033 347.5366 349.0666 350.4404 351.1907 350.5078 350.6129 351.0189 350.9317 351.2654 351.5224 352.1403 352.448 352.7555 353.0733 352.9899 351.574 350.4938 350.0442 348.7475 348.2392 347.2418 344.8669 341.543 340.5766 338.8022 335.9539 333.9594 332.2905 330.7989 330.4112 330.0406 329.1158 328.4258 327.8356 326.6954
335.6944 335.4891 335.3607 335.6073 335.6911 335.8042 335.8015 336.0593 336.1837 336.0313 336.2407 336.241 336.3566 336.3618 336.2545 336.4071 337.145 337.1597 337.4624 339.7173 340.9479 339.8462 339.9295 342.2346 342.5605 343.8356 345.5135 346.6694 348.0452 349.2292 350.3585 351.3805 351.0092 350.0475 350.6345 350.4196 350.8824 350.818 351.1745 351.0091 350.9556 351.3997 351.0575 349.8331 349.3012 349.1951 348.1614 346.6046 344.8207 343.612 341.0037 339.258 337.7133 335.2422 333.2534 331.1563 329.1225 328.6963 328.9818 328.7347 327.6898 327.3377 326.6955
