data/Petrone_etal_2016/Digital_Elevation_Model/dem_catbl_wgs84.asc
ncols         865
nrows         297
xllcorner     -50.201966770779
yllcorner     67.120544222588
cellsize      7.2999999999998e-005
NODATA_value  -9999
[rows 84 to 111 of 297, columns 504 to 566 of 865]
362.3027 363.2908 364.1934 365.0298 365.8462 366.788 367.9099 369.2186 370.41 371.6776 373.1246 374.8475 376.645 378.3732 380.112 381.8537 383.489 385.2162 387.0676 388.6489 390.1321 391.4886 392.761 394.0015 395.3343 396.8359 398.4793 400.1071 401.7513 403.4239 405.1032 406.7904 408.4922 409.979 411.349 412.7543 414.1375 415.4894 416.462 417.5188 418.8475 421.3926 424.1519 425.8152 427.2142 428.4128 429.9187 431.2851 432.4637 433.5682 434.4111 434.5426 434.9694 435.5789 436.6201 437.6602 438.6981 439.7994 440.731 441.3445 442.0582 442.8386 443.796
361.1659 362.121 362.9393 363.7457 364.5932 365.8118 367.094 368.437 369.7192 370.9629 372.1481 373.5424 375.0126 376.5576 378.214 379.929 381.5965 383.232 384.8289 386.4284 387.9876 389.4486 390.8185 392.1687 393.6168 395.0961 396.6001 398.279 399.9217 401.5083 403.0539 404.5295 405.8127 406.9437 408.0661 409.8055 411.4073 412.8848 414.1158 415.4957 417.1744 418.7142 420.3448 422.523 424.6124 426.599 427.8856 429.2408 430.6817 431.7998 432.7126 433.2291 433.9893 434.8765 435.9705 437.2371 438.6462 439.5581 440.3666 441.0396 442.1313 443.2418 444.1009
360.4394 361.2451 362.3298 363.1801 363.9117 364.4404 365.66 367.4072 368.5897 369.7262 370.8113 371.7498 372.762 374.0935 375.7239 377.4902 379.1528 380.6609 382.0154 383.537 385.0397 386.4803 387.7719 389.1308 390.9755 392.6929 394.3259 395.8864 397.4963 399.1656 400.5281 401.8471 403.1734 404.2706 405.3439 406.9441 408.576 410.2243 411.455 412.9286 414.8188 416.3755 417.8139 419.1314 420.9753 423.1368 425.5104 427.7616 429.8893 430.6131 431.253 432.007 433.0752 434.2455 435.399 436.622 437.8892 438.7128 439.4896 440.1975 441.0894 441.9326 442.5421
359.2877 359.9193 361.2908 361.9959 362.425 362.5717 363.7625 365.6576 366.9957 368.2055 369.2518 369.717 370.2309 371.1157 372.3858 373.8874 375.7703 377.4254 378.887 380.4811 382.0325 383.5085 384.7863 386.1304 387.8924 389.6886 391.498 393.2198 394.8671 396.4347 397.9127 399.4775 401.2516 402.7002 404.0025 405.1531 406.5262 408.0645 409.5066 410.9284 412.3156 413.8063 415.3615 417.0575 418.5838 420.1723 423.0815 425.6614 427.9255 429.3147 430.5738 431.6976 432.7813 433.8934 435.1642 436.3713 437.5244 438.3406 439.1885 440.0703 440.7983 441.4847 442.117
358.8776 359.1128 359.6888 360.3589 360.9673 361.2692 361.7456 362.3928 364.3088 365.8582 366.9907 367.6407 368.3197 369.2032 370.3765 371.6674 373.0296 374.4715 375.9753 377.6053 379.098 380.4069 381.8026 383.239 384.7505 386.4429 388.2033 389.7756 391.3226 392.8452 394.5081 396.3806 398.6055 400.5772 402.3165 403.3696 404.6682 406.114 407.6691 409.2577 410.8928 412.4287 414.0249 415.801 417.3645 419.0013 421.6393 424.1773 426.627 428.42 429.9497 431.1031 432.2741 433.5121 434.9534 436.2223 437.442 439.1265 440.5916 441.8447 442.5594 443.3074 444.2132
359.0401 359.0439 359.0366 359.308 359.7309 360.4248 361.0412 361.6203 362.2516 363.046 363.9886 364.8635 365.696 366.4624 367.8813 369.3789 370.3727 371.6208 373.0393 374.8019 376.192 377.1198 378.3645 379.7046 381.154 382.7536 384.4251 386.1518 387.6462 388.9549 390.1714 392.3171 395.9087 398.1485 399.9413 401.3107 402.9493 404.7426 406.5338 408.2477 409.8778 411.5216 413.103 414.562 416.2874 418.2467 420.953 423.4793 425.8823 427.0641 428.2924 429.582 431.1536 432.7768 434.4072 436.1425 437.9914 440.4618 442.3342 443.6823 444.4511 445.1305 445.7138
358.5875 358.8475 359.1281 359.1631 359.2148 359.4167 359.9271 360.5883 361.3639 362.0349 362.6181 363.1392 363.7867 364.6384 365.4702 366.3031 367.1452 368.2931 369.6302 371.1833 372.4936 373.5398 374.8125 376.0623 377.2111 378.67 380.3503 382.5973 384.4046 385.8911 387.5235 389.4806 391.8877 394.6103 397.2049 399.2771 401.1517 402.9306 404.7286 406.5155 408.2858 409.8637 411.6159 413.6892 416.1373 418.6442 420.9665 422.679 424.0298 425.468 426.9711 428.5457 430.4132 432.4645 434.8652 437.0229 439.0788 441.1527 442.8752 444.3275 445.6136 446.5327 446.9167
357.3818 357.9211 358.4888 358.952 359.2972 359.4121 359.5844 359.8133 360.2285 360.756 361.3637 361.7509 362.2678 362.9683 363.6139 364.3234 365.2576 366.3216 367.4635 368.7064 369.9785 371.2744 372.5903 373.9406 375.3508 376.7697 378.1461 379.3427 380.817 382.4781 384.4602 386.8227 389.6411 392.37 394.8047 396.5611 398.7923 401.1046 402.7876 404.7681 406.9806 408.8391 410.7356 412.7093 414.9716 417.2286 419.2686 421.0688 422.7267 424.2445 426.1755 428.5113 431.1649 433.6006 435.5754 437.4639 439.3861 441.519 443.3666 445.008 445.9405 446.5934 446.8915
354.9686 355.5444 356.3026 357.267 358.1098 358.7041 359.0527 359.2963 359.4112 359.6457 359.9637 360.3709 360.8764 361.5038 362.3433 363.2463 364.2308 365.2124 366.1955 367.2125 368.3745 369.6561 370.9924 372.2965 373.55 374.8811 376.2359 377.6019 378.9117 380.3074 383.1049 385.7617 388.287 390.4311 392.6966 395.2622 397.1723 398.8997 400.758 402.8295 405.0476 407.7234 410.5441 413.5444 415.9764 418.1347 419.83 421.2894 422.7308 424.7815 427.0513 429.5042 431.7326 433.9158 436.0392 438.1962 440.3462 442.4777 444.2367 445.7358 446.5688 447.3483 448.0687
353.4299 353.9034 354.4244 354.9964 355.6688 356.5011 357.3265 358.0588 358.4894 358.8703 359.2262 359.57 360.0025 360.5304 361.2737 362.0568 362.8721 363.714 364.6084 365.7139 366.9526 368.2871 369.363 370.5634 371.9334 373.3513 374.7688 376.1637 377.8418 379.6769 381.6945 383.9164 386.3301 389.0177 391.6463 394.1732 396.2585 398.1901 399.9906 402.211 404.683 407.2293 409.945 412.8445 415.9815 418.6979 420.3941 421.8413 423.2664 425.129 427.2548 429.5725 431.8596 434.0575 436.1415 438.3207 440.4392 442.2898 444.4306 446.6397 447.9854 449.3356 450.7
352.1514 352.4818 352.8118 353.4903 354.1564 354.7984 355.4937 356.3217 357.511 358.1982 358.6255 358.9027 359.2094 359.5446 360.0316 360.5829 361.2269 362.2091 363.3219 364.5612 365.6619 366.6877 368.1223 369.5791 371.0629 372.3118 373.7311 375.6061 377.1989 378.7557 380.7408 382.9466 385.318 388.4019 391.3305 393.9987 395.9597 397.9686 400.5837 403.4827 406.4571 408.7082 411.0608 413.5232 416.0313 418.2556 419.9247 421.6146 423.3186 425.0523 427.7852 431.1382 433.7005 435.9439 437.7851 439.1584 440.8189 443.3622 445.706 447.915 449.8368 451.28 452.3285
351.1923 351.6065 352.0194 352.4884 352.9881 353.5273 354.1977 354.9242 355.7356 356.464 357.1502 357.7811 358.2922 358.7089 359.1247 359.5646 360.0474 360.7411 361.5822 362.7433 364.0522 365.4402 366.819 368.313 369.926 371.5662 373.2364 374.9691 376.8777 378.8748 381.0245 383.0096 384.9005 387.5777 390.4518 393.5656 396.1279 398.6496 401.3329 404.1746 407.0549 409.6626 412.1208 414.4615 416.7928 418.8695 420.5295 422.2269 424.0301 426.1898 428.7031 431.3983 433.9706 436.1937 438.0172 439.5604 441.3882 443.8876 446.3811 448.7213 450.2895 451.5742 452.6554
350.2631 350.684 351.1786 351.8612 352.4247 352.8646 353.3892 353.9323 354.4982 355.1802 355.9117 356.699 357.2993 357.7665 358.0245 358.336 358.7182 359.4053 360.3025 361.6183 363.0876 364.6119 366.0085 367.4807 369.015 370.8806 372.9615 375.3672 377.2198 379.0409 381.3008 383.2939 385.1661 387.7592 390.2872 392.741 395.6632 398.7362 402.0179 404.9627 407.679 409.8464 411.8973 413.8596 416.096 418.3732 420.7003 422.4852 424.3477 426.7813 429.8821 433.1736 435.2073 437.1322 438.9635 440.6334 442.4895 444.7098 446.7627 448.6573 450.0679 451.3313 452.5059
349.6086 350.1423 350.745 351.3035 351.8534 352.3976 352.7937 353.2071 353.6668 354.3219 355.0246 355.7007 356.3127 356.8726 357.1845 357.4966 357.8113 358.6615 359.8141 361.5035 363.0399 364.4912 365.7736 367.1911 368.7162 370.5676 372.5396 374.6937 376.9386 379.1888 381.4191 383.4067 385.3484 388.0704 390.7313 393.3345 396.356 399.2543 401.8667 404.8625 407.7247 409.5088 411.6064 413.886 415.739 417.5802 419.4132 422.0677 424.5673 426.4139 429.2466 432.468 435.5506 438.079 440.1545 442.4967 444.5994 446.3232 447.9261 449.4578 450.8199 452.1197 453.3633
349.472 350.1349 350.775 351.2444 351.6941 352.1258 352.4966 352.8441 353.1609 353.5377 353.9916 354.6322 355.232 355.7897 356.0981 356.4687 356.9016 358.1001 359.5155 361.2283 362.7204 364.1241 365.4399 366.8504 368.3297 370.2054 372.1533 374.1968 376.6405 379.1504 381.68 383.5224 385.1621 387.5247 390.2416 393.2499 395.9576 398.7578 401.7151 404.5906 407.2056 408.967 411.1603 413.5835 415.736 417.9773 420.3211 422.4547 424.3975 426.0046 428.6819 431.7637 435.0685 438.371 441.668 443.6393 445.4424 447.0247 448.5429 449.9129 450.9385 452.3661 453.9321
349.1396 349.7361 350.2361 350.5947 350.9097 351.1973 351.6637 352.1917 352.8004 353.0775 353.3006 353.5529 353.8891 354.2778 354.7756 355.4127 356.1641 357.6068 359.1307 360.7363 362.2477 363.7061 365.0482 366.5809 368.2338 370.1029 372.2892 374.8333 376.5948 378.3775 380.4176 382.5584 384.7964 387.306 390.1133 393.1559 395.3982 397.9971 401.1337 403.7344 406.102 408.0872 409.767 411.3757 413.5929 415.7021 417.711 420.4301 422.8452 424.6334 427.6608 431.097 434.7437 438.1807 441.4416 443.5185 445.2848 446.6838 448.1963 449.4265 449.9391 450.5575 451.2868
347.2513 347.7194 348.1928 348.6618 349.1118 349.5518 350.0621 350.6513 351.3314 352.0407 352.6034 352.8284 352.8707 352.9422 353.5569 354.536 355.7948 357.177 358.569 359.9701 361.3371 362.7787 364.4685 366.3238 368.2814 370.4397 372.4507 374.3292 376.106 377.8868 379.6879 381.4909 383.3569 385.5328 387.6679 389.8028 392.9764 396.2276 399.5478 401.8812 403.9754 405.8456 407.2122 408.4902 410.5613 412.4701 414.2392 416.6693 419.1913 421.8146 425.478 429.3853 433.3292 436.7892 439.872 441.333 442.9531 444.7277 446.2006 447.1393 447.068 447.2316 447.5972
345.3721 345.5726 345.8062 346.0394 346.3934 346.8283 347.4673 348.269 349.2284 350.106 350.8566 351.3793 351.6031 351.8193 352.4437 353.5271 354.9177 356.3784 357.8319 359.2715 360.8917 362.5538 364.2444 366.4415 368.8249 371.0653 372.9378 374.4995 376.0863 377.7028 379.3671 381.0452 382.7497 384.5148 386.5073 388.6489 391.126 393.5218 395.83 398.0073 400.2717 402.7545 405.1054 407.3528 409.3118 411.4477 413.711 415.8561 418.1046 420.4949 422.9077 425.2663 427.4659 430.7348 434.2919 435.9668 437.8556 439.9405 440.8321 441.8625 443.2652 444.7224 446.2175
344.2097 344.1522 344.1342 344.2463 344.5433 344.9367 345.439 345.8797 346.262 347.3299 348.2712 348.929 349.4901 350.1567 351.299 352.5887 353.9756 355.6178 357.208 358.7388 360.3122 362.0829 364.2714 366.7917 369.3451 371.4474 373.1002 374.427 375.982 377.6378 379.4292 381.2182 383.1147 385.3311 387.802 390.3443 392.4889 394.6761 396.9007 399.0302 401.1874 403.3988 405.6152 407.8201 409.9682 412.2941 414.7162 416.9514 419.2754 421.7009 423.9942 426.193 428.2115 430.1631 432.1048 434.1643 436.2346 438.3124 439.8844 441.7187 443.9342 445.6445 447.1597
343.5077 343.4257 343.3814 343.4404 343.48 343.5416 343.7493 344.0947 344.5449 345.2818 346.0341 346.8123 347.6089 348.5665 350.0025 351.6248 353.3266 354.9138 356.5114 358.1194 359.9391 361.7711 363.6093 365.9301 368.3003 370.2543 372.1855 374.0968 375.7186 377.6732 380.0275 382.4251 384.7523 386.889 388.7558 390.6054 393.0896 395.5392 397.9538 400.165 402.2749 404.2414 405.8633 407.4995 409.4319 412.5342 416.1392 418.371 420.652 422.9925 425.2137 427.3323 429.2615 431.2718 433.3005 435.307 437.3723 439.4659 440.7269 442.1903 443.9173 445.4189 446.8534
342.7287 342.7283 342.7441 342.7841 342.8571 342.9346 342.985 343.0824 343.2193 343.7405 344.3176 344.9628 346.1465 347.4604 348.8928 350.692 352.5869 354.0844 356.0514 358.4279 360.0035 361.4506 362.7469 365.149 367.6932 369.7963 371.8141 373.7828 375.7698 377.7039 379.5919 382.3864 385.032 387.172 389.1629 391.1075 393.0827 395.1474 397.278 399.7515 402.0464 404.0965 405.6262 407.3535 409.8579 413.1601 416.7224 419.47 421.8376 423.8704 425.9197 427.8828 429.7021 431.5866 433.5177 435.5628 437.3717 439.0311 440.4077 441.7401 443.0281 444.4148 445.714
342.0574 342.0628 342.1367 342.3205 342.371 342.3968 342.4604 342.5648 342.6983 342.9132 343.3626 344.0664 345.2993 346.739 348.4877 350.3128 352.1191 353.6676 355.498 357.5238 359.2413 360.9519 362.6464 364.6261 366.7699 369.2057 371.7245 374.2496 376.5187 378.3947 379.9124 381.9986 384.2853 386.8472 388.8579 390.9159 393.7233 395.916 397.7457 399.4823 401.3796 403.4554 405.4029 407.5036 410.0168 412.8808 415.8615 418.701 421.1711 423.3551 425.5129 427.4689 429.132 431.0047 432.8976 434.7164 436.3405 437.846 439.1613 440.4371 441.6699 443.2559 444.6286
341.6593 341.7 341.758 341.84 341.8955 341.9611 342.0684 342.149 342.2246 342.3765 342.8059 343.4994 344.8514 346.1694 347.35 348.782 350.4588 352.8465 355.0107 357.0225 359.102 360.8139 362.1116 364.3131 366.706 369.2488 371.743 374.183 376.3964 377.9571 378.9853 380.9466 383.3593 386.4196 389.1555 391.8342 394.5314 396.2875 397.5853 399.2546 401.005 402.8489 405.091 407.5437 410.3362 412.9352 415.502 418.2148 420.983 423.7636 425.5063 427.2701 429.0631 430.6396 432.1442 433.5419 435.1598 436.8126 438.009 439.2126 440.4263 441.8779 443.2999
341.091 341.101 341.1499 341.2421 341.2728 341.3276 341.4733 341.6241 341.7999 342.1452 342.5618 343.0401 344.4008 345.618 346.5414 347.745 349.1851 351.2057 353.7486 356.5294 358.8339 360.5646 361.6962 363.6543 365.8415 368.3224 370.8738 373.2106 374.4074 375.7183 377.1164 379.6879 382.394 385.2811 388.0385 390.7421 393.3262 395.2282 396.8639 398.8333 401.0443 403.4639 405.4113 407.6819 410.5242 412.9399 415.3631 418.1942 420.4776 422.4717 424.6516 426.6989 428.6039 430.1348 431.5921 432.9905 434.0884 435.1338 436.4359 437.9425 439.5896 440.9636 442.2962
340.3192 340.4114 340.4859 340.5461 340.5825 340.6054 340.6025 340.7418 340.9979 341.5987 342.0978 342.5266 343.444 344.4059 345.4349 346.6615 348.0689 349.8728 352.1095 354.6323 357.7787 360.0351 361.4933 363.1258 365.0139 367.3239 369.3891 371.2748 372.6734 374.3077 376.1487 379.3242 381.9591 384 385.7992 387.9974 391.1573 393.4697 395.5278 397.9127 400.354 402.825 404.8672 407.1368 409.7394 412.1541 414.5312 416.933 419.4154 421.9272 424.3749 426.4676 428.2238 429.6375 431.0502 432.5176 433.6106 434.6397 435.8843 437.2731 438.7505 440.0531 441.2586
339.6957 339.938 340.0528 340.0503 340.0263 340.0635 340.2208 340.4988 340.8307 341.2598 341.7471 342.2795 343.0899 343.9789 344.9585 346.0847 347.4152 349.1768 351.3409 353.7152 356.47 358.8534 360.9294 362.5459 364.2399 366.0699 368.0863 370.01 371.5009 373.3601 375.5103 378.7385 381.3031 383.2096 384.7334 386.5732 389.0865 391.8817 394.6966 397.209 399.846 402.542 403.9375 405.9069 408.6035 410.8176 413.1035 415.7673 418.3563 420.8929 423.308 425.4467 427.3575 429.3932 431.1041 432.2889 433.6085 434.8812 435.8713 436.8004 437.7108 438.787 439.8918
338.9757 338.9696 339.0672 339.2546 339.4221 339.5361 339.5677 339.8246 340.2143 340.8719 341.5851 342.3274 343.0558 343.9482 345.0079 346.0983 347.3261 348.8232 351.015 353.3382 355.1612 357.1627 359.3028 361.6343 363.7081 365.4127 367.2083 369.1759 371.5296 373.8378 376.1033 378.2309 380.4463 382.7189 384.1713 385.8334 387.9066 390.5611 393.254 395.5536 397.7751 399.9775 402.5641 404.9668 407.1893 409.2306 411.5188 414.3676 416.8441 419.1749 421.3946 423.8987 426.5902 428.4879 430.0414 431.1214 432.4413 433.8374 435.325 436.5287 437.5776 438.4545 439.1488
338.2236 338.2312 338.2648 338.3151 338.4356 338.5961 338.8069 339.0901 339.5516 340.4637 341.262 342.018 342.8438 343.8633 345.0581 346.25 347.474 348.7598 350.2063 351.8412 354.005 355.991 357.8508 359.4836 361.4955 363.9547 366.7946 369.295 370.981 373.0062 375.1572 377.2483 379.0157 380.5491 383.2708 385.5369 387.1368 389.5179 391.8413 393.5271 395.8398 398.4328 400.8289 403.0766 405.1861 407.4038 409.7249 412.2205 414.7304 417.1111 418.9455 421.0535 423.3403 425.7473 427.6048 428.7777 430.0284 431.3423 432.7885 434.1873 435.5509 436.8195 437.4745
