data/Petrone_etal_2016/Digital_Elevation_Model/dem_catbl_utm22n.asc
ncols         541
nrows         475
xllcorner     534622.5
yllcorner     7445082.5
cellsize      5
NODATA_value  -9999
[rows 196 to 223 of 475, columns 441 to 503 of 541]
449.3109 449.0115 448.8921 448.9012 448.2395 447.6794 446.7433 445.3767 441.8224 437.8 434.8904 433.7242 432.5075 430.334 428.3111 426.1718 423.8916 420.5648 418.444 417.1568 414.4664 413.2609 411.6885 409.8377 408.8806 408.4546 407.1687 405.372 404.1419 403.2912 401.6195 399.5334 397.822 396.4735 395.45 393.8169 392.2269 391.1361 389.5274 387.1339 386.5129 385.7487 383.9586 381.4547 380.6454 378.1952 375.0784 372.9662 371.7899 370.6202 369.6693 368.9433 368.1875 367.2743 366.7113 366.2884 365.954 365.1274 363.8971 363.3856 363.4356 362.991 361.799
449.0624 448.5876 448.5819 448.8652 448.6429 447.8164 446.5502 444.4126 441.0865 437.3453 435.583 434.1668 432.5676 430.4757 428.1077 425.8872 423.1422 420.0912 417.2411 415.8014 414.0747 412.9005 411.9977 410.1244 408.7017 407.6587 406.5966 404.8629 403.5663 402.4505 401.1417 398.9047 397.5802 396.4593 395.118 393.0519 391.1055 389.4659 388.1942 385.9515 384.0532 383.6846 382.2771 379.6708 377.5075 376.2706 374.0226 372.0999 371.0434 369.9168 369.2355 368.2054 367.2994 366.6109 365.5711 365.1688 365.0285 364.5324 363.5374 363.0858 362.8389 362.3116 361.4113
448.2623 448.3792 448.1605 448.2971 448.3379 447.4826 445.8735 443.8185 440.9226 438.5571 436.5757 434.2746 432.1173 430.1138 428.3343 426.1401 422.7873 419.3932 416.4544 414.531 413.5638 412.4153 411.3157 409.782 408.3344 406.7213 405.75 404.6065 402.8982 401.4771 400.2796 398.78 396.5649 395.4215 394.5735 392.4555 390.1046 388.1407 386.0901 384.6214 382.5812 381.4236 380.4432 378.1525 375.9975 374.6406 373.6046 372.2349 370.5481 369.0107 368.2652 368.0947 366.982 366.1806 365.6481 364.3485 363.8272 363.8246 363.3781 362.9383 362.539 362.1137 361.3707
447.3777 447.6418 447.637 447.753 446.6044 446.6827 445.0204 443.0848 440.3161 438.2629 436.4702 434.1832 431.9772 429.7323 427.4301 426.0555 423.1161 418.9153 416.0716 414.109 412.9258 412.08 410.4855 409.0132 407.5543 405.793 403.7736 403.3716 401.5864 400.1221 398.8263 397.1452 395.198 393.8484 392.8558 390.6654 388.8757 386.4539 384.1076 382.9017 381.1568 379.6905 378.0918 377.0023 375.3262 373.8963 372.6981 371.2921 370.0001 368.5521 367.423 366.8669 366.147 365.6715 365.2015 364.4231 363.8973 362.9388 362.9821 362.6437 361.9666 361.4427 361.0602
446.4191 446.7415 445.809 446.5001 446.0161 444.9244 444.4026 441.8468 439.467 437.3977 436.1617 433.4852 431.7213 429.8734 427.0481 424.3339 421.6103 417.8525 415.5306 413.8654 412.3371 411.3034 409.8476 407.7211 407.1867 404.9038 402.7523 401.3558 400.3177 398.23 396.4521 394.7732 393.0672 392.3714 390.054 387.7881 386.0239 384.1961 381.9367 380.7109 379.9604 378.5283 377.1026 375.5048 374.7818 373.5401 371.9213 370.1344 368.9121 367.9186 366.8951 366.1121 365.2849 364.8888 364.5259 364.0618 363.9329 363.1691 362.1872 362.0842 361.6588 361.0231 360.0258
445.4328 445.403 445.1855 443.7029 443.6538 443.705 442.5652 441.0079 438.33 436.6728 435.2704 433.1653 430.7158 429.5432 426.7069 423.2986 419.6613 416.5617 415.3476 413.6126 411.6798 410.7614 409.0496 406.506 404.8317 403.7069 401.3385 399.9904 398.1647 396.4765 394.5218 392.7292 391.4246 390.2797 387.8675 384.4532 383.4237 381.839 380.1126 379.2589 377.9977 377.798 376.6724 374.6835 373.7538 372.2409 370.7003 369.3254 368.2988 367.2635 366.0109 365.2323 364.8983 364.333 363.8096 363.5719 363.3829 362.6518 362.2173 361.466 361.0432 360.8537 359.9211
444.7708 444.1432 443.4207 443.077 442.6108 441.6492 440.5497 439.6712 437.7217 435.8363 435.0183 432.9235 430.8184 428.7323 425.6438 421.9377 418.4453 415.6199 414.3935 412.8648 410.7672 409.7195 408.0851 405.4822 402.72 400.6589 399.1159 397.6064 395.7397 393.7407 392.2533 390.9653 389.485 387.1014 385.0706 382.7363 381.3925 380.1591 379.2013 378.6578 377.1727 376.188 375.8917 373.9228 372.5424 371.455 369.6978 368.7631 367.7776 366.4038 365.5727 364.9797 364.3135 363.8224 363.2684 362.8897 362.6563 362.1106 361.9408 361.1678 360.6704 360.3117 359.2074
443.4036 442.7503 441.8918 440.9024 440.4261 439.6806 438.5135 437.4997 436.4696 435.0908 434.0953 433.0206 430.481 427.1953 424.0991 421.1895 418.3542 414.9868 413.1808 411.8466 409.9012 408.5909 406.7102 404.2709 401.5383 398.7189 396.5705 394.9214 393.6567 391.6884 389.7306 387.8886 386.5923 384.6211 382.7166 381.6773 380.3942 378.9237 378.1593 378.0916 376.5784 374.84 373.9412 373.1279 371.7182 370.3257 369.5632 369.0386 367.3658 365.8857 365.0833 364.782 363.9818 363.6573 362.8976 362.4305 362.1102 361.6671 361.3266 361.0244 360.116 359.7411 358.48
441.6056 440.9485 440.0262 439.1985 438.1421 437.594 436.3066 434.8813 434.0492 433.7095 431.8562 430.2089 428.2283 424.19 420.056 418.7788 416.9601 413.3442 410.8462 410.2949 408.269 406.5931 404.861 402.3949 399.3295 396.6723 394.5811 392.8568 390.7035 389.3687 387.3364 385.9473 384.441 383.4161 382.0175 381.2352 379.8285 378.6519 377.1663 376.5378 375.8908 374.2425 373.0527 372.6973 372.2308 370.157 368.4633 367.967 366.446 365.0801 364.3521 363.7168 363.501 363.0493 362.945 361.864 361.8081 361.4948 360.896 360.3613 359.5192 358.4523 357.9088
439.3553 438.8251 438.3771 437.7402 436.3144 435.4607 434.2668 432.6943 431.2423 430.3197 428.6267 426.074 423.8859 420.5457 417.2359 414.823 412.6099 409.7107 407.4783 406.4674 405.6185 402.8318 400.8588 397.9392 395.5995 394.0096 392.6469 391.4938 389.4527 387.3841 386.0685 384.4886 383.476 382.4766 381.0921 379.9612 379.1331 378.2418 377.0094 375.2849 374.226 373.6663 372.6867 371.847 371.3449 369.8316 367.8566 366.7938 365.6662 364.6135 363.947 362.5996 362.5273 362.7287 362.4282 362.0175 361.1673 361.1292 360.657 360.0418 359.186 358.1628 357.5321
436.8124 436.612 436.3244 435.3813 433.1686 431.9594 431.073 429.3954 427.5894 426.0707 423.6066 421.4898 419.2441 417.1502 414.3107 411.097 406.5335 402.7372 401.5376 400.0509 400.0126 398.5568 395.9083 393.9383 392.3327 391.8435 391.2735 390.2032 388.6222 386.8863 385.6945 384.2874 382.9428 381.6043 380.7484 379.0134 378.5239 377.6517 376.6202 374.8571 373.4577 372.2003 371.7039 370.9474 369.5266 368.4909 367.1936 365.4287 364.6918 364.4488 363.9188 362.5977 361.8509 361.9711 362.1791 361.8267 361.2044 360.7957 360.1023 359.7233 358.9611 358.0968 357.1489
433.8055 433.6149 431.9452 430.1276 429.3768 427.461 425.0458 423.7713 421.6845 419.4801 417.4671 414.4743 413.0254 412.3718 410.0739 404.9301 400.25 396.7782 395.5604 394.913 394.6127 394.5096 392.8533 391.7464 391.058 390.6246 389.6986 388.8257 387.7295 386.4202 385.2341 384.0424 382.978 381.7079 380.297 379.4403 378.5912 377.4322 375.5704 374.2429 373.2946 372.0211 370.6267 369.8726 368.7378 367.584 366.6554 365.0342 363.7825 363.4279 363.2222 362.4352 361.9233 361.6898 361.3871 361.3571 360.9969 360.6563 359.5486 358.9805 358.4261 358.0233 356.7642
431.0224 429.5669 425.6487 422.3026 422.7299 422.5986 418.61 415.8551 414.821 411.2662 410.4166 406.5095 403.5629 405.295 404.6921 399.8854 395.9233 394.2705 394.2168 393.7577 393.2821 392.5956 391.7491 390.8335 390.0343 389.3713 388.2878 387.6742 387.3456 386.2841 385.028 383.9007 382.5222 381.1036 379.5317 378.5093 377.7866 376.5178 374.9659 373.4376 372.1351 371.1541 369.6097 368.5886 367.6786 366.368 365.5068 364.396 363.6035 363.1263 362.6801 362.2241 361.6052 361.5765 361.1854 360.4901 360.8641 360.0728 358.6091 358.0123 357.712 356.6168 356.1318
427.0196 424.8339 419.9429 417.3554 415.095 412.9422 411.3993 408.8326 407.2823 404.7917 402.8371 402.3241 398.6253 398.6102 399.2562 396.6931 394.5131 393.996 393.5236 393.2929 392.4593 391.1655 390.3666 389.728 388.8335 388.6311 387.8539 387.1449 386.6876 386.0943 384.4527 382.9835 381.7804 380.5387 378.8396 377.2389 376.1133 374.6931 373.4194 372.0452 370.2185 369.0333 368.3229 366.8691 365.9728 365.0526 364.0232 363.0445 362.6204 362.2426 362.0846 361.8721 361.3706 360.9068 360.5195 360.0759 359.6283 359.346 357.9832 356.9521 356.6386 355.6823 354.5292
419.6812 416.5856 414.0291 412.607 411.7768 406.551 404.0545 403.4123 402.3326 401.5255 399.8029 398.8466 398.3121 397.5069 396.6435 395.4896 394.277 393.438 392.9492 391.9171 391.2341 390.7427 389.4851 389.1171 388.2108 386.9847 386.5194 386.1501 385.3571 384.2695 383.0816 381.5534 380.4057 379.1343 377.8997 376.3802 375.4388 373.6514 371.8575 370.2024 368.5086 367.3174 367.0128 365.9443 364.5143 364.0909 363.3168 362.5404 362.1588 361.9131 361.3274 361.0564 360.7183 360.3174 359.6809 359.0902 358.3657 357.4212 357.1241 356.3955 355.0306 354.4825 353.9237
413.5323 410.5086 409.0062 407.7349 406.8135 404.8589 402.3748 400.9184 399.7763 399.7426 399.1308 397.849 397.2664 396.821 396.088 395.3329 394.1681 393.1293 392.04 391.2396 390.3825 389.5298 389.122 388.1683 387.5123 385.921 384.6851 384.5276 383.5928 382.5639 381.4341 380.1039 379.5156 378.5013 377.4026 376.037 374.5839 372.8725 370.6583 369.3259 368.0894 366.6458 365.9503 365.2314 363.9042 363.0652 362.7674 362.3246 362.0651 361.5591 360.8714 360.3697 360.0864 359.6194 358.8857 358.0646 357.3243 356.3435 355.5564 355.3256 354.8649 353.7215 353.4243
410.0838 408.3283 406.9633 406.1615 404.5373 403.0631 401.8228 400.5821 399.4779 398.433 398.0291 397.3917 397.229 396.4979 395.6994 394.502 393.1797 392.6912 391.9445 390.8917 390.2994 388.7749 387.7814 386.9994 385.5934 384.7351 383.5327 382.8575 382.0754 381.4482 380.6798 379.4423 378.5167 377.7658 376.6517 375.492 372.9963 370.692 369.1389 368.1858 367.2356 365.8397 364.8349 364.3908 363.4702 362.4055 361.6733 361.3852 360.9607 360.6025 360.097 359.5755 359.326 358.8018 358.0297 357.3512 356.3829 355.5086 355.1047 354.6505 354.5527 354.048 352.5931
409.4318 407.9042 405.9108 405.543 404.4724 403.11 401.5352 399.8201 398.7876 397.8538 397.1665 396.7278 396.2512 395.243 394.198 393.637 392.6373 392.1646 391.6666 390.6595 390.8014 388.5799 387.3265 385.8997 384.2755 383.4756 382.6143 381.5001 380.3777 380.3505 380.1938 379.3417 377.6077 376.1305 374.3555 372.7966 371.2748 369.4811 367.5426 366.5487 365.915 364.8469 363.8449 363.1929 362.7514 362.0532 361.6138 361.228 360.3004 359.7604 359.4357 359.5666 358.7302 358.0256 357.0798 356.3742 356.1618 355.647 354.8395 354.5809 353.9304 353.2225 351.8708
408.5272 407.7888 406.4889 404.9374 403.6919 402.195 400.808 399.6 398.3387 397.6022 396.6276 396.5781 395.5339 394.1009 393.0157 392.2968 392.1087 391.7137 390.9957 389.8648 388.8064 387.5121 385.9399 385.4972 383.0472 382.5371 381.5257 380.3847 379.358 378.826 378.0288 376.8613 375.4302 373.6516 372.5466 370.7142 369.722 368.7255 367.2726 365.8993 365.07 364.114 363.2682 362.3412 361.7022 361.3955 361.0515 360.8328 360.3898 359.8024 359.2261 358.726 358.4791 357.3851 356.7758 356.2392 355.6977 355.3051 354.8407 353.8607 353.0922 352.1733 351.0584
407.7379 406.5735 405.8364 404.1989 402.9011 401.3713 399.9832 398.7985 398.1117 397.1736 396.5153 396.0011 395.4863 393.7513 392.8145 391.9754 390.9078 390.4254 389.4723 388.455 387.079 386.7333 385.1776 384.0367 382.8398 381.0789 379.6472 378.5118 377.8296 376.9262 375.7238 374.1861 373.3776 372.196 370.8548 369.4145 368.2443 367.9445 366.6118 365.2793 364.5323 363.5016 362.4454 361.8143 361.1032 360.759 360.2537 359.4732 359.0038 359.3333 358.694 357.7673 357.1625 356.7672 356.511 356.0102 355.4706 354.6144 353.6435 353.163 352.501 351.5349 350.1646
407.5728 406.4065 405.738 404.5862 403.1831 401.7878 400.112 398.2571 397.1066 396.592 395.8756 395.2828 394.2464 393.2272 391.9096 391.1096 390.0661 388.7469 387.9426 387.1084 385.8082 385.0776 384.6405 382.5971 381.3505 380.1103 378.0918 376.7986 375.9753 374.6346 373.72 372.98 372.1971 371.7056 370.2779 368.5132 367.1842 366.6124 366.0445 364.7971 363.6393 362.6201 361.8115 361.0408 360.9808 360.2976 359.4969 358.7269 358.3898 358.1119 357.8284 356.9383 356.6166 356.0931 355.7447 355.1338 354.4816 353.9566 353.2818 352.3203 351.206 350.4276 349.3217
406.822 405.9458 405.7455 404.4894 402.9887 401.5453 400.1341 398.2548 396.8657 396.2155 395.6636 394.7958 393.6553 392.6264 391.8934 390.5856 389.2754 388.0693 387.0958 386.3051 384.8434 383.3762 382.0379 381.0254 379.8034 378.489 377.2634 375.9096 374.6118 373.1355 371.8992 371.4719 370.4947 369.6725 368.6559 367.5002 366.4519 365.2133 364.7754 364.2833 363.1759 361.6748 360.853 360.0269 359.2402 358.8135 358.0461 357.7756 357.7136 357.1139 356.2767 355.7983 355.6295 355.827 354.9352 353.9858 353.3388 352.6721 352.1968 351.1162 349.987 348.6762 348.2054
405.7946 405.749 404.6275 403.5165 401.7342 400.5974 399.3095 397.9638 397.0969 396.4016 395.479 394.6407 393.7655 392.6414 391.7546 390.2266 388.6602 387.0884 386.5997 385.898 384.5941 383.0804 381.7777 380.3127 378.8416 376.6124 375.8418 374.7478 373.3723 372.0525 371.088 370.3238 369.4936 368.388 367.6417 366.3047 365.0509 364.0653 363.1743 362.7553 362.1982 362.0089 361.0546 359.6003 357.8359 356.7697 356.6221 355.9369 355.6175 355.262 354.5005 354.6596 354.8064 354.4408 353.8691 352.7946 352.4038 351.643 350.7575 350.0501 349.0465 348.0525 347.193
406.173 405.2186 404.485 402.5555 400.7694 399.9472 398.7538 397.3622 396.5725 395.8274 395.1949 394.545 393.3384 392.2111 391.0235 389.5527 387.9967 386.8239 385.3553 384.8862 383.5112 382.1471 380.7108 379.3129 377.9715 376.0533 374.4474 373.8935 372.5314 371.4266 370.3009 369.4616 368.5278 367.6749 365.9842 365.0454 363.6499 362.7238 361.4726 361.3744 361.2292 361.2702 360.7028 358.8651 357.269 355.6996 355.2854 354.7424 353.7075 353.7157 353.4712 352.9272 353.433 353.0034 352.364 351.7847 351.2261 350.4164 349.7012 348.9451 347.9841 347.1597 345.9846
406.3759 404.9248 403.5452 401.8318 400.2181 399.4641 398.3172 396.7551 395.7726 395.2731 394.528 394.1614 392.7531 391.1903 390.0467 388.9605 387.9122 386.7607 385.3292 383.3677 381.9473 380.4747 379.4226 378.1362 377.1119 375.7487 374.7404 373.6132 372.1388 370.8065 369.8225 368.5433 367.512 366.2776 365.3408 363.3997 362.3598 361.3005 360.5988 359.1484 360.1792 359.7198 358.5477 357.1087 356.2516 355.1272 353.9316 353.7523 352.9506 352.7126 352.6721 352.0023 351.3337 351.059 350.7865 350.7029 349.8981 348.9166 348.0363 347.5155 346.7148 346.3178 345.1484
406.2429 404.511 403.1862 401.9014 400.5907 399.3822 398.2222 396.4848 395.9699 395.3358 394.6697 393.5449 392.4623 390.8823 389.6183 388.6661 387.7448 386.4649 384.6278 382.7346 380.7325 379.5154 378.6778 377.4749 376.2337 375.5723 374.4602 373.2961 371.854 370.3815 368.7933 367.9122 366.6515 365.3575 364.3399 363.347 361.8455 360.9249 359.8651 358.8295 357.9724 357.9719 356.8778 355.7834 355.1564 354.4684 353.2822 352.664 352.0897 351.3173 351.0334 350.5989 350.1586 349.5812 349.1681 348.5927 348.2119 347.9175 347.0595 346.1096 345.472 344.9771 344.0207
407.244 404.9179 403.6136 402.3582 401.2069 399.885 398.2878 396.1962 395.32 394.9299 393.7763 392.1446 391.0835 390.1161 388.9342 387.107 386.1061 385.1873 383.2831 381.5877 380.1796 379.016 378.21 377.0748 375.6045 374.346 373.7718 372.5423 371.2187 369.766 368.0202 366.3247 365.4443 364.266 363.5738 362.5019 360.7292 359.9291 359.1447 358.2156 357.5419 356.4566 355.6263 354.7322 353.8075 353.4698 352.8698 351.8893 351.1843 350.2955 349.7684 349.0282 348.7851 348.3916 348.0119 347.6933 346.8555 346.5674 346.173 345.3153 344.1745 343.0341 342.621
407.812 406.1361 403.9359 402.6195 401.6557 399.9683 398.0777 396.2156 394.2695 393.312 392.4789 391.0925 390.1219 389.2578 387.5923 385.8478 384.1393 383.3492 382.0472 380.3933 379.4857 377.8351 377.0092 375.8118 374.9648 373.7185 372.4099 371.5696 370.0355 368.6286 367.179 365.2884 363.8936 362.9826 362.1653 361.2566 359.8838 358.4493 357.6906 357.3141 356.5612 355.4599 354.295 353.5643 352.9835 352.4103 351.5754 350.7159 350.2617 349.5922 348.9974 348.2604 347.8792 347.4075 346.7234 346.4728 345.7018 345.066 344.2357 343.2792 342.6589 341.9754 341.2036
