data/Petrone_etal_2016/Digital_Elevation_Model/dem_catbl_utm22n.asc
ncols         541
nrows         475
xllcorner     534622.5
yllcorner     7445082.5
cellsize      5
NODATA_value  -9999
[rows 336 to 363 of 475, columns 0 to 62 of 541]
368.4603 455.5585 455.8905 456.1119 456.1436 456.9858 457.9822 458.5524 458.6526 459.0197 459.6179 460.2715 460.7883 460.9985 461.7227 462.0373 462.7413 463.3388 464.0649 464.2294 464.4746 465.1285 466.1055 466.9849 467.4765 468.2015 469.0306 469.3232 469.0017 469.0142 469.2035 469.6308 470.2603 470.9154 471.4882 471.1809 470.6621 471.4491 471.5538 470.7724 469.8468 468.7733 467.2906 466.233 464.3813 462.2427 460.5979 458.9109 457.3347 455.9325 453.7111 452.9404 453.115 452.5865 452.714 452.8144 452.3526 452.0565 452.4273 452.718 452.3543 451.9696 451.879
369.5506 454.7306 456.2777 455.8654 456.136 456.438 457.473 458.4117 458.7775 459.1481 459.8331 460.6233 460.8166 461.0396 461.8538 462.1984 462.4088 462.7291 463.6718 464.2015 464.4202 465.709 467.1359 467.9674 468.0709 468.738 469.1762 469.6344 469.4673 469.2063 469.7882 470.373 470.9998 471.8158 472.2262 471.6854 471.4053 471.683 472.107 471.0041 469.9093 468.5888 467.1883 465.0747 463.3112 461.4553 459.4368 457.6144 456.2531 454.3826 452.6685 451.5321 452.5888 452.0764 451.7578 452.1948 452.4906 451.8804 451.319 451.5023 451.9597 451.7608 451.1538
370.126 454.8393 455.6841 455.7656 455.7338 456.699 457.7775 458.2836 458.6743 458.8308 459.5853 460.3756 461.1467 460.9949 461.557 462.5905 462.9089 463.1844 463.2076 464.1625 465.1644 466.4872 468.0053 468.994 469.0063 469.1385 469.8291 469.6633 470.2876 470.0354 470.0708 470.7665 471.3141 472.3385 472.8903 472.6384 472.6794 472.6586 471.8131 470.8012 469.5825 468.3484 466.9746 464.5352 462.662 461.4431 459.2378 457.1455 455.3764 453.5681 452.1407 451.0705 451.4228 451.9817 451.137 451.5578 451.8856 451.9114 451.1024 450.7753 451.1625 451.1731 450.5039
370.8813 455.1734 455.9936 456.0776 456.2853 457.1636 457.8699 458.3988 458.7305 459.32 460.1964 460.6099 460.8847 461.4142 462.1373 463.1616 463.2928 463.365 463.7734 464.4913 465.733 467.1651 468.358 469.0651 469.7798 469.7334 469.8088 469.9281 470.37 470.9522 470.6562 471.1695 471.7824 472.7499 473.3023 473.1944 472.7841 472.2036 471.3916 470.6209 468.9928 467.3566 466.0428 464.2651 462.5328 461.434 459.3985 456.6702 454.2427 452.6433 451.6444 451.4587 451.2489 451.416 450.7916 450.5978 450.8319 450.8152 450.8437 450.6204 450.477 450.252 450.3383
372.1539 455.2998 456.0665 456.4383 456.9832 457.5939 458.2251 458.5956 459.345 460.1273 460.9597 461.7218 461.7487 462.1755 463.2347 464.1326 464.1416 463.817 464.2747 465.116 466.2977 467.3412 468.6986 469.156 469.7875 470.3042 470.3004 470.3687 470.7756 471.1932 471.3934 472.2804 472.769 473.3718 474.043 473.3943 472.6983 471.5618 470.6883 470.1767 468.6161 466.7053 465.4922 464.2577 462.6133 460.9349 458.894 456.476 453.7153 451.9306 451.312 450.9265 451.0908 450.7731 450.0659 450.0345 450.3005 450.2885 450.26 450.4839 450.3575 449.6836 450.003
373.132 455.4618 456.5497 456.8148 457.2889 458.2333 458.6264 459.1747 459.8634 460.7592 461.6849 462.1816 462.9001 463.3498 464.126 465.0747 465.4047 465.5747 465.9332 466.3552 467.3835 468.2846 469.3635 469.9605 470.1899 470.7659 471.0387 470.9543 471.4283 471.9503 471.937 472.3837 473.4789 473.6467 474.1761 473.4037 472.3076 471.4616 470.5254 469.6425 468.9788 467.032 465.6492 464.2076 462.4931 460.6073 458.3594 456.0862 453.5664 451.7413 451.1339 450.8823 450.563 450.3194 449.8027 449.3446 449.8491 449.9971 449.9184 450.015 450.0212 449.5672 449.5385
374.1274 455.8185 456.4829 456.8743 457.6246 458.3805 458.8838 459.5094 460.5207 461.3019 461.8349 462.9235 463.4372 464.0121 464.7616 465.7012 466.1833 466.6594 466.9393 467.5469 468.6039 469.4052 470.1427 470.5726 470.9164 471.0457 471.2042 471.3488 471.4748 472.1315 472.1837 472.8941 473.4743 474.066 474.2912 473.396 471.5863 470.9738 470.6642 469.3358 468.8609 468.2228 466.4697 464.5592 462.1868 459.8742 457.6975 455.3313 452.9732 451.0601 450.7999 450.9422 450.3852 450.2503 449.9892 449.6815 449.5131 449.968 449.8143 449.6904 449.2253 448.9088 449.1799
375.5272 455.8747 456.8376 457.1247 457.7792 458.7581 459.3863 460.1406 461.329 462.0226 462.3375 463.0774 464.33 464.6342 465.5966 466.7917 466.9942 467.3297 467.7769 468.4661 469.5811 470.563 471.001 471.4688 471.665 471.5691 471.4579 471.5869 471.665 471.9601 472.3952 473.1835 474.0147 473.9802 474.2216 473.3199 471.9131 470.8028 470.0652 469.1237 467.9336 467.6711 466.6226 464.7072 461.7349 459.0138 456.4801 454.2338 452.0583 450.9327 450.5852 450.5829 450.3384 450.1701 450.2119 449.7705 449.9247 449.6569 450.0036 449.5621 449.1541 448.7108 449.0566
376.615 457.2635 457.6931 458.2935 458.9357 459.1853 459.5879 460.5814 461.9312 462.7636 462.9716 463.506 464.616 465.8065 466.2596 467.3479 468.1535 468.3388 468.6791 469.5968 470.2425 471.0031 472.0229 472.0884 472.4387 472.5757 472.3619 472.5141 472.4308 472.4831 472.6103 473.1822 473.6277 473.7121 474.12 473.9336 472.1652 470.912 469.589 468.7449 467.7939 466.5815 465.0028 463.6334 461.0792 457.9731 455.6858 452.7746 451.3449 450.8238 450.6619 450.4868 450.295 449.8124 450.2903 450.27 449.6552 449.636 449.1752 449.6141 449.4212 449.4682 449.0191
378.0141 457.7704 458.6547 459.1068 459.6138 459.9438 460.1977 460.8545 462.127 463.2463 464.2097 464.5145 465.1056 466.143 467.1956 467.712 468.5967 469.3797 469.7015 470.4086 471.0275 471.3528 472.3611 472.6191 472.52 472.9401 473.4121 473.831 473.8894 473.4511 473.4385 473.229 473.3629 473.5045 473.7258 474.0945 472.8338 470.6732 469.6178 468.5931 467.0982 465.407 463.5297 461.9491 460.0329 457.1407 454.5389 452.2885 450.411 450.6583 450.4104 450.0862 450.3458 449.5196 449.3175 450.09 449.8136 449.4563 449.4263 449.2784 449.4802 449.2314 449.3742
378.6646 458.5308 458.5686 459.0326 459.4292 459.9606 460.6939 461.7675 463.5396 464.0935 464.8845 465.796 466.1557 466.4298 467.3626 468.3656 469.6403 470.6604 471.0644 471.7914 472.3857 472.5341 472.8966 472.9448 472.7314 473.2872 474.1444 474.7892 474.7833 474.502 473.4851 473.5029 473.2845 473.916 474.1723 474.0456 472.8772 471.1149 469.5193 468.3749 466.6793 464.1906 462.4576 460.709 459.1106 456.2229 453.6638 451.7372 450.6865 450.4675 450.2395 449.9897 449.9259 449.8369 449.4098 449.7174 449.5404 449.5361 449.5472 449.4688 449.2854 448.9667 448.9195
378.936 458.2382 458.878 459.1982 459.7059 460.4021 461.2242 462.1929 464.0378 465.3992 465.6743 466.3542 466.9855 467.6853 468.2484 469.3616 470.7101 471.8943 472.4336 473.1005 473.4713 473.0347 473.3264 473.4304 473.461 473.9424 474.791 475.6614 475.742 475.848 474.9578 473.4774 473.1741 473.6646 475.4727 475.0276 473.4551 471.6282 470.0309 467.8008 466.0397 463.7522 461.275 459.4765 457.8177 455.4865 452.7979 451.5009 450.5825 450.2801 450.2168 449.9916 450.0144 449.9582 450.0081 450.096 449.9902 449.736 449.3935 449.1272 448.7468 448.4962 448.7992
379.8073 458.6308 458.9493 460.0674 460.2982 461.1464 462.2873 463.231 464.2075 465.11 465.9265 467.3003 467.8862 468.7312 469.6089 470.6939 471.8856 473.0123 473.7614 474.5504 474.6551 473.872 473.9641 474.1252 474.0172 475.0788 475.5725 476.4275 476.9324 476.6906 476.1497 474.0941 472.679 473.2447 475.051 475.0448 473.9301 472.4375 470.4327 468.2063 465.2454 462.7729 460.0406 457.7894 456.1457 454.0083 452.0965 451.597 450.7588 449.9442 449.9099 449.8252 449.9454 449.395 449.5515 449.8401 449.8361 449.7435 449.5403 449.0925 448.8569 448.2942 448.5129
380.4275 459.442 459.5836 460.4467 461.0722 461.9078 463.3445 464.3998 465.1581 465.662 466.6552 467.919 469.1553 470.0813 470.8339 471.9699 473.1412 474.2203 475.2821 475.971 475.9515 475.3031 474.9513 474.7647 474.3827 475.1916 476.4693 477.0105 477.9832 477.3342 476.3788 473.9182 472.2162 472.1587 473.2641 474.2368 473.4487 472.1525 471.0913 468.564 465.1264 461.4996 459.065 456.721 454.6889 452.9101 451.5699 451.0071 450.784 450.0912 449.9691 449.8569 449.9125 449.6553 449.2401 449.2964 449.3461 449.4008 448.8288 448.4287 449.2436 449.0008 448.3754
381.2469 459.8279 460.7652 461.4875 462.0826 462.9706 464.2315 465.3838 466.3824 467.2724 468.3641 469.4314 470.1268 471.3789 472.6064 473.6471 474.881 475.6794 476.7306 476.9484 477.0697 476.4472 475.6694 475.3479 475.2903 475.7192 476.2996 476.9659 477.4888 477.333 476.7601 473.2586 472.285 471.6944 472.0497 472.2043 472.254 472.0919 471.143 469.3182 465.088 460.9659 457.9186 455.9019 453.9307 452.0557 451.3219 450.4058 449.7246 449.7864 449.8385 450.0102 449.8974 449.7054 449.6397 449.5712 449.347 449.5592 449.3066 448.5206 448.871 449.541 448.9963
385.2075 461.3929 462.3477 463.1304 463.8899 464.3126 465.3314 466.3983 467.5632 469.0938 469.5673 470.7275 471.7635 472.6801 473.78 474.9118 476.0692 477.2931 478.0701 478.2519 477.844 477.4213 476.2 476.0601 476.3363 476.3289 476.5349 477.1167 477.4873 477.4152 476.5597 473.7838 472.8538 472.2867 472.1743 472.1591 471.4916 471.8249 470.9505 468.527 463.8908 460.6246 457.1774 455.038 453.3977 451.4936 450.9618 451.151 450.4576 450.0348 449.9003 449.8276 449.7255 449.3287 449.3259 449.5606 449.6449 449.8363 449.8354 449.7533 449.565 449.2638 449.301
384.4871 462.6351 463.8025 464.496 465.3717 465.8268 466.6579 467.9167 468.8243 470.5645 471.387 471.8669 473.0972 473.9537 475.0273 476.024 477.2121 478.6313 479.6375 479.3385 478.92 478.1459 477.7784 477.2442 477.2319 476.8834 476.4965 476.7618 477.505 477.5199 476.6429 474.7835 473.8185 472.6667 472.0963 471.6049 470.7052 470.0752 469.767 467.404 462.953 459.9674 456.8805 454.4082 452.8048 451.7073 450.9495 451.1864 451.1785 450.4925 450.2954 450.4005 450.1083 449.4952 449.2013 449.4498 449.733 449.6227 449.6355 449.7968 449.8708 449.5493 449.4444
381.6163 463.302 464.6907 465.3411 466.6467 467.7688 468.2449 469.4369 470.5067 471.4392 472.6016 473.2211 474.1465 474.99 476.1177 477.3463 478.4152 479.8187 480.9825 480.7104 479.7828 479.2358 478.9217 479.1171 478.3427 477.7312 477.0849 476.4292 476.6079 477.4019 476.4874 474.7039 474.0849 473.0285 472.3783 471.6095 470.9624 470.3913 469.386 466.5922 462.2366 459.6375 456.5051 454.3447 452.9146 452.0317 452.0047 451.6165 450.9933 450.7743 450.3538 450.3831 450.2489 450.1522 449.6774 449.7036 449.6637 449.7167 449.9226 449.7327 449.5139 450.2302 449.2796
381.5574 464.5751 465.7643 466.4234 467.5909 469.0915 470.1584 470.9268 471.6761 472.9137 473.6942 474.4583 475.2437 476.0436 476.9781 478.386 479.5714 480.8419 482.179 482.123 480.9139 480.0976 479.4122 479.3825 479.271 478.2314 477.4452 476.733 476.4554 476.7488 476.6577 476.09 474.0729 473.1574 472.8698 472.3489 471.5038 470.6427 468.953 466.224 462.1275 458.8754 455.9485 454.17 453.2263 452.5756 452.0698 451.9403 451.2144 450.8102 450.4545 449.7081 449.7647 450.211 450.0735 449.5297 449.7227 449.4786 449.951 450.4553 449.8174 450.1978 450.3934
382.0458 466.2753 467.1644 467.6683 468.6474 469.9821 471.1673 472.4455 473.2673 474.2612 475.2328 475.6833 476.4253 477.2792 477.7978 478.964 480.4774 481.3245 482.7426 482.9826 481.9997 481.2186 480.158 479.3814 479.6969 478.6905 477.2823 476.6947 476.5179 476.385 476.5187 476.077 474.5265 473.7043 472.9632 472.6226 471.7433 470.4726 468.4548 465.9101 462.1838 458.892 456.0107 454.0554 453.3416 452.8513 452.1922 451.4346 451.3273 450.6918 450.2296 449.7851 450.0858 449.958 449.9937 449.4403 449.0147 449.1185 449.2945 449.8628 450.1232 450.3921 450.7695
385.8031 466.9251 467.9343 468.7495 469.8548 471.4501 472.5098 473.9391 475.0968 476.1006 476.6945 476.7063 477.1868 477.9337 478.5205 479.4088 480.6628 481.9876 483.0071 483.484 482.8277 481.864 481.4896 480.4103 479.7575 478.9505 477.756 476.5879 476.2541 476.3677 476.3867 475.2151 474.8012 473.9351 473.2935 472.7191 471.8221 470.2662 468.5076 466.228 462.0023 458.9505 456.6027 454.7844 453.7052 453.0746 452.7912 451.6597 451.1804 451.1726 450.4769 450.1898 449.9993 449.7419 449.1968 449.5236 449.5305 449.2376 449.2412 449.7653 449.7571 449.828 450.0621
386.0739 468.2761 468.8511 470.0161 471.2631 472.5384 473.7701 474.7319 476.0513 477.2119 478.2212 478.0549 477.9839 478.3963 479.0339 479.9869 480.9931 482.5626 483.8011 483.9797 483.4316 482.9577 482.3923 481.562 480.2093 479.5329 477.7766 476.9857 476.2468 476.427 476.1087 475.4312 474.7019 474.1099 473.0071 472.443 472.0033 470.355 468.5423 466.4067 463.2999 459.6435 456.9205 455.334 454.1931 453.7573 452.9239 452.1519 451.3308 451.3223 451.0396 450.6263 450.8129 449.9367 449.3586 449.2777 449.3168 449.7193 449.8055 449.6656 449.7293 450.0579 449.9097
381.8835 469.3611 469.9983 470.8921 471.9612 473.0941 474.2703 475.0926 476.5107 477.4959 478.6071 478.9518 478.9297 479.2204 479.7686 480.7906 482.0202 483.4523 484.4872 484.3309 483.9895 483.7057 482.9368 481.8929 481.344 479.405 477.6177 477.0223 476.42 476.3042 475.8441 475.4303 474.9072 474.0268 473.186 472.0376 471.6545 470.8658 468.665 466.0968 463.2758 460.541 458.3148 456.2024 454.7223 454.1263 453.4489 452.5682 451.7765 451.2192 451.0686 450.9565 450.96 450.9584 450.1886 449.6451 449.0558 449.2042 449.6638 449.7029 449.4882 449.8218 450.0996
381.781 469.2902 470.7802 471.5461 472.4702 473.8456 474.9084 475.5477 476.5735 477.7257 478.5746 479.0277 479.0376 479.4346 480.2311 481.421 482.8274 484.083 484.9773 484.4149 484.2661 483.9128 483.174 481.8735 481.8099 479.447 477.8839 477.3244 476.7009 476.2762 476.3354 476.0938 475.5951 474.0106 473.1555 472.0208 471.4052 470.5598 468.744 466.046 463.9294 461.1797 458.8892 457.24 455.907 454.705 454.063 453.6136 452.6183 451.5483 451.1501 451.3924 451.4748 451.1666 450.7237 450.4576 449.7737 449.3719 449.5102 449.519 449.7092 449.5939 449.844
381.5721 470.0861 471.0589 472.6689 473.4382 474.8279 475.7507 475.9411 476.4875 477.8006 478.7329 479.331 479.2012 479.2599 480.1199 481.5296 483.0652 484.2846 484.5678 484.5191 484.099 483.8665 482.9672 482.4982 481.7661 479.6974 477.7313 477.55 477.1756 476.7292 476.6356 476.7941 475.7044 474.4594 473.068 472.2649 471.2956 470.3882 468.7094 466.502 464.0426 461.1823 459.2331 457.9196 456.3157 455.3251 454.6019 454.1506 453.3788 452.3389 452.0656 452.087 452.229 451.9364 451.0059 450.6484 450.2237 449.7144 449.5945 449.4656 449.3911 449.1341 449.4044
381.1877 470.0523 470.8035 472.4767 474.0944 475.2607 476.0536 476.147 476.7462 478.0738 479.4015 479.9222 479.6952 479.4589 480.1057 481.2247 482.1836 483.1859 483.6533 483.9435 484.0464 483.4964 482.523 482.782 480.9024 478.5704 477.3748 477.9398 478.0385 477.7867 477.2171 476.9776 476.167 474.9455 473.6097 472.6418 471.4825 470.4268 468.9285 467.046 464.458 462.0516 459.3195 457.9923 456.6465 455.4512 454.821 454.2557 453.5265 452.8763 452.2155 452.2844 452.8923 452.3495 451.2327 450.55 450.2586 449.351 449.3587 449.3886 449.3343 449.1301 448.9174
381.3601 470.1535 470.9931 472.118 473.7143 475.496 476.0656 476.4553 477.0108 477.8086 478.8944 480.3687 480.4086 479.5287 479.7703 480.937 481.0049 481.2477 481.9121 482.8387 483.3716 482.7151 481.9351 481.0729 480.0835 479.0169 478.369 478.3715 478.5826 478.5682 478.1614 477.4328 476.5199 475.426 474.1502 472.9147 471.7599 470.7773 469.279 467.506 464.6877 462.706 460.1331 457.3091 456.4202 455.3907 455.3779 454.6964 454.1405 453.6626 452.7355 452.4976 453.1911 452.9274 451.5476 450.6436 449.8551 449.4891 448.8695 449.0109 449.3332 449.3515 449.3117
381.741 470.5359 471.2853 472.3578 473.4345 475.1814 475.8592 476.626 477.6032 477.9238 478.5168 479.6897 480.645 479.4897 479.084 479.82 480.5724 480.559 480.9241 481.7813 482.2995 482.1398 481.3102 480.7385 479.6735 479.3296 478.9768 478.8101 478.5042 478.0717 478.5681 478.4312 477.3076 476.4533 474.849 473.6022 472.3364 471.2875 470.0346 467.927 465.367 462.735 460.152 457.8099 456.4904 455.9033 455.5627 455.4607 454.6596 454.4801 454.2293 454.0728 454.3502 453.4531 451.9522 450.9512 450.1584 449.5034 449.2949 448.8632 448.9686 449.1677 449.2069
